-1.197604549948495034e+01
-1.192845254050739534e+01
-1.188133567945174995e+01
-1.183475862926475486e+01
-1.178878288150128917e+01
-1.174346770549230712e+01
-1.169887015477324255e+01
-1.165504507998665673e+01
-1.161204514750679451e+01
-1.156992086307013601e+01
-1.152872059973477903e+01
-1.148849062953112643e+01
-1.144927515820684860e+01
-1.141111636250936279e+01
-1.137405442948910661e+01
-1.133812759734587949e+01
-1.130337219737848109e+01
-1.126982269663433733e+01
-1.123751174089071192e+01
-1.120647019763212882e+01
-1.117672719871997700e+01
-1.114831018247953942e+01
-1.112124493495706368e+01
-1.109555563012502510e+01
-1.107126486883720951e+01
-1.104839371635695500e+01
-1.102696173830183746e+01
-1.100698703486619578e+01
-1.098848627319948079e+01
-1.097147471783345907e+01
-1.095596625906479815e+01
-1.094197343921191568e+01
-1.092950747667586420e+01
-1.091857828774505101e+01
-1.090919450609236030e+01
-1.090136349992128117e+01
-1.089509138672477562e+01
-1.089038304562711268e+01
-1.088724212728473795e+01
-1.088567106132763840e+01
-1.088567106132763840e+01
-1.088724212728473795e+01
-1.089038304562711268e+01
-1.089509138672477562e+01
-1.090136349992128117e+01
-1.090919450609236030e+01
-1.091857828774505101e+01
-1.092950747667586420e+01
-1.094197343921191568e+01
-1.095596625906479815e+01
-1.097147471783345907e+01
-1.098848627319948079e+01
-1.100698703486619578e+01
-1.102696173830183746e+01
-1.104839371635695500e+01
-1.107126486883720773e+01
-1.109555563012502510e+01
-1.112124493495706368e+01
-1.114831018247953942e+01
-1.117672719871997700e+01
-1.120647019763212882e+01
-1.123751174089071192e+01
-1.126982269663433733e+01
-1.130337219737848109e+01
-1.133812759734587949e+01
-1.137405442948910661e+01
-1.141111636250936279e+01
-1.144927515820684860e+01
-1.148849062953112643e+01
-1.152872059973477903e+01
-1.156992086307013601e+01
-1.161204514750679273e+01
-1.165504507998665673e+01
-1.169887015477324255e+01
-1.174346770549230712e+01
-1.178878288150128917e+01
-1.183475862926475486e+01
-1.188133567945174995e+01
-1.192845254050739356e+01
-1.197604549948495034e+01
-1.192851754580684442e+01
-1.178811679485844088e+01
-1.165117894414058775e+01
-1.151774974474978919e+01
-1.138786764634789073e+01
-1.126156459970606605e+01
-1.113886678628696281e+01
-1.101979528046973122e+01
-1.090436664980875570e+01
-1.079259349845622040e+01
-1.068448495858881664e+01
-1.058004713437294697e+01
-1.047928350269119946e+01
-1.038219527454296909e+01
-1.028878172072966279e+01
-1.019904046514371920e+01
-1.011296774870334403e+01
-1.003055866671308927e+01
-9.951807382184970407e+00
-9.876707317426191679e+00
-9.805251325987317301e+00
-9.737431846868789265e+00
-9.673241042703107695e+00
-9.612670923464184725e+00
-9.555713457103157893e+00
-9.502360668370911867e+00
-9.452604726960009529e+00
-9.406438025982449602e+00
-9.363853251693164736e+00
-9.324843445271950415e+00
-9.289402057387375677e+00
-9.257522996184682995e+00
-9.229200669264635337e+00
-9.204430020151285419e+00
-9.183206559682821180e+00
-9.165526392700440894e+00
-9.151386240355003920e+00
-9.140783458299420516e+00
-9.133716050985778878e+00
-9.130182682239718517e+00
-9.130182682239718517e+00
-9.133716050985778878e+00
-9.140783458299420516e+00
-9.151386240355003920e+00
-9.165526392700440894e+00
-9.183206559682821180e+00
-9.204430020151285419e+00
-9.229200669264635337e+00
-9.257522996184682995e+00
-9.289402057387375677e+00
-9.324843445271950415e+00
-9.363853251693164736e+00
-9.406438025982449602e+00
-9.452604726960009529e+00
-9.502360668370910091e+00
-9.555713457103157893e+00
-9.612670923464184725e+00
-9.673241042703107695e+00
-9.737431846868789265e+00
-9.805251325987317301e+00
-9.876707317426191679e+00
-9.951807382184968631e+00
-1.003055866671308749e+01
-1.011296774870334403e+01
-1.019904046514371920e+01
-1.028878172072966457e+01
-1.038219527454296909e+01
-1.047928350269119946e+01
-1.058004713437294697e+01
-1.068448495858881486e+01
-1.079259349845622040e+01
-1.090436664980875570e+01
-1.101979528046973122e+01
-1.113886678628696281e+01
-1.126156459970606605e+01
-1.138786764634788895e+01
-1.151774974474978919e+01
-1.165117894414058775e+01
-1.178811679485843911e+01
-1.192851754580684265e+01
-1.188165784428806404e+01
-1.165179914578119913e+01
-1.143076545912962771e+01
-1.121824680920643225e+01
-1.101395533312006059e+01
-1.081762340304863912e+01
-1.062900195059224195e+01
-1.044785896766781086e+01
-1.027397816251724727e+01
-1.010715775238464786e+01
-9.947209376941126280e+00
-9.793957118674306628e+00
-9.647236618278830278e+00
-9.506894274636456643e+00
-9.372786520303165503e+00
-9.244779164561416351e+00
-9.122746797078068681e+00
-9.006572246056659736e+00
-8.896146085507274037e+00
-8.791366186895110957e+00
-8.692137310984186627e+00
-8.598370736177550100e+00
-8.509983920079909225e+00
-8.426900191381271554e+00
-8.349048469488300483e+00
-8.276363009619805311e+00
-8.208783171339296914e+00
-8.146253208725413586e+00
-8.088722080584163976e+00
-8.036143279288536334e+00
-7.988474676994120394e+00
-7.945678388126463432e+00
-7.907720647168919648e+00
-7.874571700901082494e+00
-7.846205714348645444e+00
-7.822600689807735819e+00
-7.803738398401371512e+00
-7.789604323714078404e+00
-7.780187617133901057e+00
-7.775481064610036519e+00
-7.775481064610036519e+00
-7.780187617133901057e+00
-7.789604323714078404e+00
-7.803738398401371512e+00
-7.822600689807737595e+00
-7.846205714348645444e+00
-7.874571700901081606e+00
-7.907720647168919648e+00
-7.945678388126463432e+00
-7.988474676994120394e+00
-8.036143279288536334e+00
-8.088722080584163976e+00
-8.146253208725413586e+00
-8.208783171339296914e+00
-8.276363009619805311e+00
-8.349048469488298707e+00
-8.426900191381271554e+00
-8.509983920079911002e+00
-8.598370736177550100e+00
-8.692137310984184850e+00
-8.791366186895110957e+00
-8.896146085507274037e+00
-9.006572246056659736e+00
-9.122746797078068681e+00
-9.244779164561416351e+00
-9.372786520303165503e+00
-9.506894274636456643e+00
-9.647236618278826725e+00
-9.793957118674306628e+00
-9.947209376941126280e+00
-1.010715775238464786e+01
-1.027397816251724549e+01
-1.044785896766781086e+01
-1.062900195059224373e+01
-1.081762340304863912e+01
-1.101395533312005881e+01
-1.121824680920643225e+01
-1.143076545912962771e+01
-1.165179914578119735e+01
-1.188165784428806226e+01
-1.183565232905410802e+01
-1.151987018508320659e+01
-1.122026360732063743e+01
-1.093571995672656527e+01
-1.066526129093186803e+01
-1.040802358036871489e+01
-1.016323983356739014e+01
-9.930226280321219789e+00
-9.708370970445733050e+00
-9.497124298194032477e+00
-9.295991074771590590e+00
-9.104523855239179397e+00
-8.922317289305931709e+00
-8.749003313639622803e+00
-8.584247040294428643e+00
-8.427743224504917308e+00
-8.279213217471594888e+00
-8.138402327373071898e+00
-8.005077525797227977e+00
-7.879025447920682268e+00
-7.760050643709322848e+00
-7.647974044638445434e+00
-7.542631616302892361e+00
-7.443873172086290069e+00
-7.351561327000723622e+00
-7.265570574064607712e+00
-7.185786468289556694e+00
-7.112104905602629756e+00
-7.044431485921991865e+00
-6.982680951198653396e+00
-6.926776690588393848e+00
-6.876650306069823415e+00
-6.832241232812036991e+00
-6.793496409447485007e+00
-6.760369994146402384e+00
-6.732823123038114588e+00
-6.710823708098403451e+00
-6.694346272134805709e+00
-6.683371818965158084e+00
-6.677887737309393223e+00
-6.677887737309393223e+00
-6.683371818965158084e+00
-6.694346272134805709e+00
-6.710823708098403451e+00
-6.732823123038114588e+00
-6.760369994146402384e+00
-6.793496409447485007e+00
-6.832241232812036991e+00
-6.876650306069823415e+00
-6.926776690588393848e+00
-6.982680951198653396e+00
-7.044431485921991865e+00
-7.112104905602629756e+00
-7.185786468289556694e+00
-7.265570574064607712e+00
-7.351561327000723622e+00
-7.443873172086290069e+00
-7.542631616302895026e+00
-7.647974044638445434e+00
-7.760050643709322848e+00
-7.879025447920682268e+00
-8.005077525797227977e+00
-8.138402327373070122e+00
-8.279213217471594888e+00
-8.427743224504917308e+00
-8.584247040294428643e+00
-8.749003313639622803e+00
-8.922317289305931709e+00
-9.104523855239179397e+00
-9.295991074771588814e+00
-9.497124298194030700e+00
-9.708370970445731274e+00
-9.930226280321218013e+00
-1.016323983356739191e+01
-1.040802358036871489e+01
-1.066526129093186626e+01
-1.093571995672656527e+01
-1.122026360732063566e+01
-1.151987018508320126e+01
-1.183565232905410625e+01
-1.179067934584089627e+01
-1.139266175451872876e+01
-1.101979528046973122e+01
-1.066966627172116233e+01
-1.034023592748345521e+01
-1.002976663959773518e+01
-9.736765662969309787e+00
-9.459941441065561563e+00
-9.198169320674304927e+00
-8.950464333334519296e+00
-8.715959365024623651e+00
-8.493887483435770491e+00
-8.283567508391419310e+00
-8.084392137622085528e+00
-7.895818104746294530e+00
-7.717357967402063146e+00
-7.548573213565506812e+00
-7.389068441839179435e+00
-7.238486422943648968e+00
-7.096503889084924133e+00
-6.962827928365862284e+00
-6.837192885183212887e+00
-6.719357686228404347e+00
-6.609103526489978897e+00
-6.506231861433111163e+00
-6.410562660979528538e+00
-6.321932888538597695e+00
-6.240195174536733447e+00
-6.165216658956913065e+00
-6.096877981564667870e+00
-6.035072401942772835e+00
-5.979705034325712987e+00
-5.930692184629593910e+00
-5.887960779102772158e+00
-5.851447875749078875e+00
-5.821100251157066197e+00
-5.796874056652618457e+00
-5.778734538817625221e+00
-5.766655820416691114e+00
-5.760620738674773200e+00
-5.760620738674773200e+00
-5.766655820416691114e+00
-5.778734538817625221e+00
-5.796874056652618457e+00
-5.821100251157067085e+00
-5.851447875749078875e+00
-5.887960779102771269e+00
-5.930692184629593910e+00
-5.979705034325712987e+00
-6.035072401942772835e+00
-6.096877981564667870e+00
-6.165216658956913065e+00
-6.240195174536733447e+00
-6.321932888538595918e+00
-6.410562660979527649e+00
-6.506231861433109387e+00
-6.609103526489980673e+00
-6.719357686228406124e+00
-6.837192885183212887e+00
-6.962827928365861396e+00
-7.096503889084924133e+00
-7.238486422943648968e+00
-7.389068441839178547e+00
-7.548573213565506812e+00
-7.717357967402063146e+00
-7.895818104746294530e+00
-8.084392137622085528e+00
-8.283567508391419310e+00
-8.493887483435770491e+00
-8.715959365024621874e+00
-8.950464333334517519e+00
-9.198169320674303151e+00
-9.459941441065561563e+00
-9.736765662969313340e+00
-1.002976663959773518e+01
-1.034023592748345344e+01
-1.066966627172116233e+01
-1.101979528046972945e+01
-1.139266175451872520e+01
-1.179067934584089450e+01
-1.174690928630991849e+01
-1.127047011892119421e+01
-1.082944442111655725e+01
-1.041961161798668734e+01
-1.003752715736313661e+01
-9.680343425073107966e+00
-9.345679625176270378e+00
-9.031525388815696331e+00
-8.736168135474409624e+00
-8.458137492337238328e+00
-8.196162180654740226e+00
-7.949136158359828563e+00
-7.716091733713735579e+00
-7.496177997411192173e+00
-7.288643360664464943e+00
-7.092821297844007944e+00
-6.908118615343165736e+00
-6.734005730493661801e+00
-6.570008563696132065e+00
-6.415701735765423130e+00
-6.270702829327279737e+00
-6.134667523890286134e+00
-6.007285453168324629e+00
-5.888276663364248265e+00
-5.777388574632664309e+00
-5.674393366420122931e+00
-5.579085722017925519e+00
-5.491280879338549248e+00
-5.410812944305342320e+00
-5.337533430829812353e+00
-5.271309997526553381e+00
-5.212025356378856777e+00
-5.159576332748611271e+00
-5.113873059601990789e+00
-5.074838291739664164e+00
-5.042406828289567322e+00
-5.016525033832115454e+00
-4.997150450355566598e+00
-4.984251493843279590e+00
-4.977807230725133536e+00
-4.977807230725133536e+00
-4.984251493843279590e+00
-4.997150450355566598e+00
-5.016525033832115454e+00
-5.042406828289567322e+00
-5.074838291739664164e+00
-5.113873059601990789e+00
-5.159576332748611271e+00
-5.212025356378856777e+00
-5.271309997526553381e+00
-5.337533430829812353e+00
-5.410812944305342320e+00
-5.491280879338549248e+00
-5.579085722017924631e+00
-5.674393366420120266e+00
-5.777388574632662532e+00
-5.888276663364248265e+00
-6.007285453168325517e+00
-6.134667523890286134e+00
-6.270702829327277961e+00
-6.415701735765423130e+00
-6.570008563696132065e+00
-6.734005730493660025e+00
-6.908118615343164848e+00
-7.092821297844007944e+00
-7.288643360664465831e+00
-7.496177997411192173e+00
-7.716091733713734691e+00
-7.949136158359828563e+00
-8.196162180654740226e+00
-8.458137492337232999e+00
-8.736168135474407848e+00
-9.031525388815696331e+00
-9.345679625176273930e+00
-9.680343425073107966e+00
-1.003752715736313483e+01
-1.041961161798668734e+01
-1.082944442111655370e+01
-1.127047011892118888e+01
-1.174690928630991671e+01
-1.170450429740374787e+01
-1.115355903425221662e+01
-1.064926427109545415e+01
-1.018511148732061145e+01
-9.755950375007069297e+00
-9.357635683101886315e+00
-8.986782011560237038e+00
-8.640589229659157766e+00
-8.316715433553630632e+00
-8.013182709177716134e+00
-7.728306034055445473e+00
-7.460638820151768158e+00
-7.208930634381368385e+00
-6.972093970960258957e+00
-6.749177848018097947e+00
-6.539346615750718961e+00
-6.341862791654489406e+00
-6.156073041437919002e+00
-5.981396641790259316e+00
-5.817315919503239563e+00
-5.663368278061162719e+00
-5.519139509703518520e+00
-5.384258156392693451e+00
-5.258390732877777474e+00
-5.141237663239841105e+00
-5.032529811879549619e+00
-4.932025512999792305e+00
-4.839508020808907851e+00
-4.754783317080906180e+00
-4.677678224221649472e+00
-4.608038781254445659e+00
-4.545728847649053606e+00
-4.490628906052342550e+00
-4.442635040029100146e+00
-4.401658067114570194e+00
-4.367622810994821414e+00
-4.340467499608311464e+00
-4.320143278515532259e+00
-4.306613831105256196e+00
-4.299855099171838724e+00
-4.299855099171838724e+00
-4.306613831105256196e+00
-4.320143278515532259e+00
-4.340467499608311464e+00
-4.367622810994821414e+00
-4.401658067114570194e+00
-4.442635040029099258e+00
-4.490628906052342550e+00
-4.545728847649053606e+00
-4.608038781254445659e+00
-4.677678224221649472e+00
-4.754783317080906180e+00
-4.839508020808907851e+00
-4.932025512999792305e+00
-5.032529811879548731e+00
-5.141237663239840217e+00
-5.258390732877778362e+00
-5.384258156392695227e+00
-5.519139509703518520e+00
-5.663368278061160943e+00
-5.817315919503239563e+00
-5.981396641790258428e+00
-6.156073041437916338e+00
-6.341862791654489406e+00
-6.539346615750718961e+00
-6.749177848018099724e+00
-6.972093970960258957e+00
-7.208930634381366609e+00
-7.460638820151768158e+00
-7.728306034055444584e+00
-8.013182709177712582e+00
-8.316715433553627079e+00
-8.640589229659155990e+00
-8.986782011560240591e+00
-9.357635683101886315e+00
-9.755950375007065745e+00
-1.018511148732061145e+01
-1.064926427109545237e+01
-1.115355903425220951e+01
-1.170450429740374432e+01
-1.166361805809166086e+01
-1.104216267314505551e+01
-1.047928350269119946e+01
-9.965751165276760304e+00
-9.494464214028333515e+00
-9.059841794644968971e+00
-8.657418794361699810e+00
-8.283567508391419310e+00
-7.935301158515966513e+00
-7.610131977920229218e+00
-7.305966632658518201e+00
-7.021027781740828644e+00
-6.753794310814723367e+00
-6.502955149637560162e+00
-6.267373132492078724e+00
-6.046056393328400169e+00
-5.838135489628522912e+00
-5.642844935171497767e+00
-5.459508164041767309e+00
-5.287525192660355700e+00
-5.126362423656608769e+00
-4.975544165255763041e+00
-4.834645536231848340e+00
-4.703286498783694647e+00
-4.581126816498628074e+00
-4.467861776507904281e+00
-4.363218547321253027e+00
-4.266953069046658165e+00
-4.178847392502253122e+00
-4.098707399397037321e+00
-4.026360848254326719e+00
-3.961655700796208102e+00
-3.904458691643466484e+00
-3.854654110830691760e+00
-3.812142774111156207e+00
-3.776841160580812762e+00
-3.748680700981527725e+00
-3.727607203306499528e+00
-3.713580405151103214e+00
-3.706573644733157646e+00
-3.706573644733157646e+00
-3.713580405151103214e+00
-3.727607203306498196e+00
-3.748680700981527725e+00
-3.776841160580812762e+00
-3.812142774111156207e+00
-3.854654110830690428e+00
-3.904458691643466484e+00
-3.961655700796208102e+00
-4.026360848254326719e+00
-4.098707399397037321e+00
-4.178847392502253122e+00
-4.266953069046658165e+00
-4.363218547321253027e+00
-4.467861776507903393e+00
-4.581126816498626297e+00
-4.703286498783694647e+00
-4.834645536231849228e+00
-4.975544165255763041e+00
-5.126362423656606992e+00
-5.287525192660355700e+00
-5.459508164041766420e+00
-5.642844935171495102e+00
-5.838135489628522024e+00
-6.046056393328400169e+00
-6.267373132492078724e+00
-6.502955149637560162e+00
-6.753794310814720703e+00
-7.021027781740828644e+00
-7.305966632658515536e+00
-7.610131977920225665e+00
-7.935301158515963849e+00
-8.283567508391419310e+00
-8.657418794361699810e+00
-9.059841794644968971e+00
-9.494464214028331739e+00
-9.965751165276760304e+00
-1.047928350269119768e+01
-1.104216267314504840e+01
-1.166361805809165730e+01
-1.162439561580640124e+01
-1.093648838254756228e+01
-1.031951139065395751e+01
-9.761145431379073756e+00
-9.252150810696788241e+00
-8.785419893516971612e+00
-8.355368332862907366e+00
-7.957529346273084059e+00
-7.588274830368930246e+00
-7.244618520205105661e+00
-6.924073834746214295e+00
-6.624549135932986665e+00
-6.344269177151837802e+00
-6.081715259661300443e+00
-5.835578996605761404e+00
-5.604726136824132787e+00
-5.388167935584345258e+00
-5.185038263074296161e+00
-4.994575128647039897e+00
-4.816105641647938640e+00
-4.649033674547591310e+00
-4.492829671465050190e+00
-4.347022175254995346e+00
-4.211190742876945947e+00
-4.084959991201131402e+00
-3.967994570312351144e+00
-3.859994903393150434e+00
-3.760693564718776472e+00
-3.669852192575065786e+00
-3.587258853766566613e+00
-3.512725792105937384e+00
-3.446087505827675646e+00
-3.387199108970994743e+00
-3.335934939975489844e+00
-3.292187387447597313e+00
-3.255865908608983617e+00
-3.226896220582276875e+00
-3.205219648603761406e+00
-3.190792618635976297e+00
-3.183586284815061784e+00
-3.183586284815061784e+00
-3.190792618635976297e+00
-3.205219648603760074e+00
-3.226896220582276875e+00
-3.255865908608983617e+00
-3.292187387447597313e+00
-3.335934939975488511e+00
-3.387199108970994743e+00
-3.446087505827675646e+00
-3.512725792105937384e+00
-3.587258853766566613e+00
-3.669852192575065786e+00
-3.760693564718776472e+00
-3.859994903393149102e+00
-3.967994570312349811e+00
-4.084959991201130514e+00
-4.211190742876945947e+00
-4.347022175254997123e+00
-4.492829671465050190e+00
-4.649033674547590422e+00
-4.816105641647938640e+00
-4.994575128647039897e+00
-5.185038263074293496e+00
-5.388167935584345258e+00
-5.604726136824132787e+00
-5.835578996605762292e+00
-6.081715259661300443e+00
-6.344269177151836026e+00
-6.624549135932986665e+00
-6.924073834746211631e+00
-7.244618520205102996e+00
-7.588274830368927582e+00
-7.957529346273084059e+00
-8.355368332862910918e+00
-8.785419893516971612e+00
-9.252150810696786465e+00
-9.761145431379073756e+00
-1.031951139065395395e+01
-1.093648838254755340e+01
-1.162439561580639769e+01
-1.158697327497426421e+01
-1.083671925766588728e+01
-1.016994216498391168e+01
-9.570937952202946519e+00
-9.028199613263147683e+00
-8.533043718219905927e+00
-8.078756750947732712e+00
-7.660041702385372631e+00
-7.272646479014481358e+00
-6.913106847934655796e+00
-6.578564006023856159e+00
-6.266632200902281014e+00
-5.975300782733504512e+00
-5.702860474215336595e+00
-5.447847014977318381e+00
-5.208997492412630770e+00
-4.985216084036133921e+00
-4.775546882824829531e+00
-4.579152123222314685e+00
-4.395294574598947790e+00
-4.223323186126246576e+00
-4.062661294324219519e+00
-3.912796869651575360e+00
-3.773274399950928615e+00
-3.643688098923141272e+00
-3.523676195769893216e+00
-3.412916113781578442e+00
-3.311120385256038468e+00
-3.218033180791047609e+00
-3.133427354929160913e+00
-3.057101928979418570e+00
-2.988879946802668108e+00
-2.928606651325975641e+00
-2.876147939225007555e+00
-2.831389059096848460e+00
-2.794233524935436197e+00
-2.764602222124779018e+00
-2.742432687722185847e+00
-2.727678550706671423e+00
-2.720309121271420327e+00
-2.720309121271420327e+00
-2.727678550706671423e+00
-2.742432687722184959e+00
-2.764602222124779018e+00
-2.794233524935436197e+00
-2.831389059096848460e+00
-2.876147939225007555e+00
-2.928606651325975641e+00
-2.988879946802668108e+00
-3.057101928979418570e+00
-3.133427354929160913e+00
-3.218033180791047609e+00
-3.311120385256038468e+00
-3.412916113781577554e+00
-3.523676195769890551e+00
-3.643688098923139940e+00
-3.773274399950929947e+00
-3.912796869651576248e+00
-4.062661294324219519e+00
-4.223323186126246576e+00
-4.395294574598947790e+00
-4.579152123222312909e+00
-4.775546882824825978e+00
-4.985216084036131257e+00
-5.208997492412630770e+00
-5.447847014977320157e+00
-5.702860474215336595e+00
-5.975300782733503624e+00
-6.266632200902281014e+00
-6.578564006023853494e+00
-6.913106847934651356e+00
-7.272646479014476917e+00
-7.660041702385372631e+00
-8.078756750947736265e+00
-8.533043718219905927e+00
-9.028199613263145906e+00
-9.570937952202944743e+00
-1.016994216498390813e+01
-1.083671925766588018e+01
-1.158697327497426066e+01
-1.155147853026325322e+01
-1.074301652389785389e+01
-1.003055866671308927e+01
-9.394800482486893145e+00
-8.821894012315516065e+00
-8.301567943466777066e+00
-7.825993729824593181e+00
-7.389068441839179435e+00
-6.985943076864425727e+00
-6.612701943439059704e+00
-6.266138538819467030e+00
-5.943595044743561928e+00
-5.642844935171496878e+00
-5.362005510376695483e+00
-5.099471650039805404e+00
-4.853864898212295387e+00
-4.623993815358961257e+00
-4.408822737608979914e+00
-4.207446896655902435e+00
-4.019072413069621597e+00
-3.843000067016829835e+00
-3.678612028317415739e+00
-3.525360928030797147e+00
-3.382760799972403198e+00
-3.250379528600529699e+00
-3.127832520455164911e+00
-3.014777377309476591e+00
-2.910909395706566372e+00
-2.815957753365768035e+00
-2.729682270764056007e+00
-2.651870658000532455e+00
-2.582336174284169505e+00
-2.520915641122125628e+00
-2.467467761333866250e+00
-2.421871704984658091e+00
-2.384025930686409112e+00
-2.353847216814239918e+00
-2.331269882314237485e+00
-2.316245181154263921e+00
-2.308740858274472618e+00
-2.308740858274472618e+00
-2.316245181154263921e+00
-2.331269882314236597e+00
-2.353847216814239918e+00
-2.384025930686410000e+00
-2.421871704984658091e+00
-2.467467761333866250e+00
-2.520915641122125628e+00
-2.582336174284169505e+00
-2.651870658000532455e+00
-2.729682270764056007e+00
-2.815957753365768035e+00
-2.910909395706566372e+00
-3.014777377309476591e+00
-3.127832520455164023e+00
-3.250379528600528811e+00
-3.382760799972403198e+00
-3.525360928030798480e+00
-3.678612028317415739e+00
-3.843000067016829835e+00
-4.019072413069621597e+00
-4.207446896655900659e+00
-4.408822737608977249e+00
-4.623993815358959480e+00
-4.853864898212295387e+00
-5.099471650039805404e+00
-5.362005510376695483e+00
-5.642844935171495102e+00
-5.943595044743561928e+00
-6.266138538819464365e+00
-6.612701943439055263e+00
-6.985943076864423951e+00
-7.389068441839178547e+00
-7.825993729824595846e+00
-8.301567943466777066e+00
-8.821894012315512512e+00
-9.394800482486893145e+00
-1.003055866671308571e+01
-1.074301652389784678e+01
-1.155147853026324789e+01
-1.151803003749183141e+01
-1.065552172414330023e+01
-9.901335412460312568e+00
-9.232431957683552071e+00
-8.632600237998515169e+00
-8.090000675087365423e+00
-7.595723116824441234e+00
-7.142894571642755430e+00
-6.726102949114793894e+00
-6.341011348243291046e+00
-5.984091956714343574e+00
-5.652437642995822742e+00
-5.343625520989989219e+00
-5.055616184262245127e+00
-4.786677978674430456e+00
-4.535329205374525330e+00
-4.300293395033685684e+00
-4.080464265066464868e+00
-3.874877954673772162e+00
-3.682690802655583351e+00
-3.503161397890259821e+00
-3.335635960244150766e+00
-3.179536344327095421e+00
-3.034350128751813980e+00
-2.899622378632169983e+00
-2.774948762028988103e+00
-2.659969770919553778e+00
-2.554365850310365893e+00
-2.457853279774619093e+00
-2.370180683155315382e+00
-2.291126066732147581e+00
-2.220494305488263542e+00
-2.158115012474165706e+00
-2.103840738578358849e+00
-2.057545459976389601e+00
-2.019123318673597733e+00
-1.988487588291413477e+00
-1.965569842890570573e+00
-1.950319311428483138e+00
-1.942702404613817935e+00
-1.942702404613817935e+00
-1.950319311428483138e+00
-1.965569842890569685e+00
-1.988487588291413477e+00
-2.019123318673598622e+00
-2.057545459976389601e+00
-2.103840738578358849e+00
-2.158115012474165706e+00
-2.220494305488263542e+00
-2.291126066732147581e+00
-2.370180683155315382e+00
-2.457853279774619093e+00
-2.554365850310365893e+00
-2.659969770919552889e+00
-2.774948762028986771e+00
-2.899622378632168651e+00
-3.034350128751814868e+00
-3.179536344327097197e+00
-3.335635960244150766e+00
-3.503161397890257156e+00
-3.682690802655583351e+00
-3.874877954673770386e+00
-4.080464265066462204e+00
-4.300293395033683908e+00
-4.535329205374525330e+00
-4.786677978674431344e+00
-5.055616184262245127e+00
-5.343625520989987443e+00
-5.652437642995822742e+00
-5.984091956714340910e+00
-6.341011348243286605e+00
-6.726102949114791230e+00
-7.142894571642754542e+00
-7.595723116824444787e+00
-8.090000675087365423e+00
-8.632600237998511616e+00
-9.232431957683552071e+00
-9.901335412460309016e+00
-1.065552172414328957e+01
-1.151803003749182608e+01
-1.148673761553035000e+01
-1.057435871308748432e+01
-9.782241158613901533e+00
-9.083557538049912949e+00
-8.459758096233620961e+00
-7.897481433327054212e+00
-7.386784474462310790e+00
-6.920068532383137239e+00
-6.491396787914799127e+00
-6.096043570949092327e+00
-5.730186955617782907e+00
-5.390693245895583630e+00
-5.074962246408427191e+00
-4.780813844856742101e+00
-4.506403344280785817e+00
-4.250157226364195573e+00
-4.010723707246526715e+00
-3.786934183992968439e+00
-3.577772820978449175e+00
-3.382352304159807588e+00
-3.199894327823142870e+00
-3.029713754434897766e+00
-2.871205655817175462e+00
-2.723834636987721769e+00
-2.587125985201156109e+00
-2.460658291211066828e+00
-2.344057267960333757e+00
-2.236990551035145103e+00
-2.139163310378298544e+00
-2.050314537576587437e+00
-1.970213900128525264e+00
-1.898659075366029958e+00
-1.835473493548014590e+00
-1.780504433106594897e+00
-1.733621421890028325e+00
-1.694714907103753720e+00
-1.663695163956915746e+00
-1.640491419129420869e+00
-1.625051170361545783e+00
-1.617339687956367067e+00
-1.617339687956367067e+00
-1.625051170361545783e+00
-1.640491419129420869e+00
-1.663695163956915746e+00
-1.694714907103755275e+00
-1.733621421890028325e+00
-1.780504433106593787e+00
-1.835473493548014590e+00
-1.898659075366029958e+00
-1.970213900128525264e+00
-2.050314537576587437e+00
-2.139163310378298544e+00
-2.236990551035145103e+00
-2.344057267960333757e+00
-2.460658291211064608e+00
-2.587125985201156109e+00
-2.723834636987721769e+00
-2.871205655817176794e+00
-3.029713754434897766e+00
-3.199894327823140205e+00
-3.382352304159807588e+00
-3.577772820978447843e+00
-3.786934183992965774e+00
-4.010723707246525827e+00
-4.250157226364195573e+00
-4.506403344280787593e+00
-4.780813844856742101e+00
-5.074962246408426303e+00
-5.390693245895583630e+00
-5.730186955617779354e+00
-6.096043570949088775e+00
-6.491396787914796462e+00
-6.920068532383137239e+00
-7.386784474462315231e+00
-7.897481433327054212e+00
-8.459758096233617408e+00
-9.083557538049909397e+00
-9.782241158613896204e+00
-1.057435871308747366e+01
-1.148673761553034467e+01
-1.145770227296776866e+01
-1.049963546304287476e+01
-9.673241042703107695e+00
-8.947927647280502939e+00
-8.302873210696281703e+00
-7.723263396089657284e+00
-7.198182837378816146e+00
-6.719357686228404347e+00
-6.280367698190938874e+00
-5.876132011642633657e+00
-5.502561913237197011e+00
-5.156319473000771758e+00
-4.834645536231847451e+00
-4.535234456554800175e+00
-4.256141117150793463e+00
-3.995710747351393977e+00
-3.752525147117931947e+00
-3.525360928030797147e+00
-3.313156693050105073e+00
-3.114986960268528726e+00
-2.930041240783746836e+00
-2.757607102470287508e+00
-2.597056350024434135e+00
-2.447833666189803914e+00
-2.309447215279263776e+00
-2.181460825260986169e+00
-2.063487450543382895e+00
-1.955183682315124960e+00
-1.856245122576006601e+00
-1.766402475879512046e+00
-1.685418242204208994e+00
-1.613083917387909016e+00
-1.549217625743296800e+00
-1.493662123973544142e+00
-1.446283127180001404e+00
-1.406967917250947053e+00
-1.375624201737496666e+00
-1.352179197844369574e+00
-1.336578921691000899e+00
-1.328787667773200454e+00
-1.328787667773200454e+00
-1.336578921691000899e+00
-1.352179197844367797e+00
-1.375624201737496666e+00
-1.406967917250947053e+00
-1.446283127180001404e+00
-1.493662123973544142e+00
-1.549217625743296800e+00
-1.613083917387909016e+00
-1.685418242204208994e+00
-1.766402475879512046e+00
-1.856245122576006601e+00
-1.955183682315124960e+00
-2.063487450543382007e+00
-2.181460825260984393e+00
-2.309447215279262444e+00
-2.447833666189804802e+00
-2.597056350024436355e+00
-2.757607102470287508e+00
-2.930041240783745948e+00
-3.114986960268528726e+00
-3.313156693050105073e+00
-3.525360928030794483e+00
-3.752525147117930615e+00
-3.995710747351393977e+00
-4.256141117150793463e+00
-4.535234456554800175e+00
-4.834645536231845675e+00
-5.156319473000771758e+00
-5.502561913237195235e+00
-5.876132011642628328e+00
-6.280367698190936210e+00
-6.719357686228404347e+00
-7.198182837378820587e+00
-7.723263396089657284e+00
-8.302873210696276374e+00
-8.947927647280502939e+00
-9.673241042703104142e+00
-1.049963546304286410e+01
-1.145770227296776156e+01
-1.143101625379057928e+01
-1.043144568794048155e+01
-9.574298367826694189e+00
-8.825317036169950669e+00
-8.161510508988554236e+00
-7.566698989738005920e+00
-7.029064719291106655e+00
-6.539713615610931008e+00
-6.091785120305863721e+00
-5.679877191799399760e+00
-5.299661370829648277e+00
-4.947617181335455250e+00
-4.620844057963156892e+00
-4.316925142419062666e+00
-4.033826682808917319e+00
-3.769822427578823465e+00
-3.523435920420004752e+00
-3.293395846392725090e+00
-3.078601047246692701e+00
-2.878092805040155078e+00
-2.691032661987643237e+00
-2.516684508574244639e+00
-2.354399999279652711e+00
-2.203606589529414350e+00
-2.063797657478454894e+00
-1.934524299138507430e+00
-1.815388478223560753e+00
-1.706037281886599200e+00
-1.606158086528432838e+00
-1.515474478510767664e+00
-1.433742806075557485e+00
-1.360749263359335215e+00
-1.296307426775852978e+00
-1.240256179466133757e+00
-1.192457971910306558e+00
-1.152797376861196987e+00
-1.121179905029936030e+00
-1.097531054841920817e+00
-1.081795575410319232e+00
-1.073936926901489564e+00
-1.073936926901489564e+00
-1.081795575410319232e+00
-1.097531054841920817e+00
-1.121179905029936030e+00
-1.152797376861197876e+00
-1.192457971910306558e+00
-1.240256179466132869e+00
-1.296307426775852978e+00
-1.360749263359335215e+00
-1.433742806075557485e+00
-1.515474478510767664e+00
-1.606158086528432838e+00
-1.706037281886599200e+00
-1.815388478223560087e+00
-1.934524299138505432e+00
-2.063797657478453562e+00
-2.203606589529415682e+00
-2.354399999279653599e+00
-2.516684508574244639e+00
-2.691032661987641017e+00
-2.878092805040155078e+00
-3.078601047246691369e+00
-3.293395846392721538e+00
-3.523435920420004308e+00
-3.769822427578823465e+00
-4.033826682808919095e+00
-4.316925142419062666e+00
-4.620844057963156004e+00
-4.947617181335455250e+00
-5.299661370829644724e+00
-5.679877191799394431e+00
-6.091785120305860168e+00
-6.539713615610931008e+00
-7.029064719291111096e+00
-7.566698989738004144e+00
-8.161510508988550683e+00
-8.825317036169950669e+00
-9.574298367826688860e+00
-1.043144568794047089e+01
-1.143101625379057218e+01
-1.140676309681396461e+01
-1.036987029328646948e+01
-9.485376085815923730e+00
-8.715523892652942806e+00
-8.035288746346692434e+00
-7.427228142215869688e+00
-6.878698946695045002e+00
-6.380244832918980258e+00
-5.924609050894782847e+00
-5.506102370171187310e+00
-5.120183104925468243e+00
-4.763169176376116809e+00
-4.432035338167418459e+00
-4.124267025731756853e+00
-3.837752861429459816e+00
-3.570704167374790128e+00
-3.321593738531456452e+00
-3.089108604469814612e+00
-2.872113119195793818e+00
-2.669619790356585476e+00
-2.480765986756571451e+00
-2.304795166095865433e+00
-2.141041618324356133e+00
-1.988917972203753992e+00
-1.847904895125549674e+00
-1.717542549935699769e+00
-1.597423471668106165e+00
-1.487186601439885347e+00
-1.386512271101700611e+00
-1.295117975354473483e+00
-1.212754801358614243e+00
-1.139204411841925779e+00
-1.074276498159783877e+00
-1.017806636005493592e+00
-9.696544895007933595e-01
-9.297023199627233447e-01
-8.978537643118879030e-01
-8.740328552966809550e-01
-8.581832618006414171e-01
-8.502677327481670266e-01
-8.502677327481670266e-01
-8.581832618006414171e-01
-8.740328552966800668e-01
-8.978537643118879030e-01
-9.297023199627233447e-01
-9.696544895007933595e-01
-1.017806636005492704e+00
-1.074276498159783877e+00
-1.139204411841925779e+00
-1.212754801358614243e+00
-1.295117975354473483e+00
-1.386512271101700611e+00
-1.487186601439885347e+00
-1.597423471668105499e+00
-1.717542549935698215e+00
-1.847904895125547897e+00
-1.988917972203755102e+00
-2.141041618324357909e+00
-2.304795166095865433e+00
-2.480765986756570562e+00
-2.669619790356585476e+00
-2.872113119195791597e+00
-3.089108604469811059e+00
-3.321593738531453344e+00
-3.570704167374790128e+00
-3.837752861429462925e+00
-4.124267025731756853e+00
-4.432035338167416683e+00
-4.763169176376116809e+00
-5.120183104925466466e+00
-5.506102370171182869e+00
-5.924609050894780182e+00
-6.380244832918979370e+00
-6.878698946695049443e+00
-7.427228142215868800e+00
-8.035288746346688882e+00
-8.715523892652941029e+00
-9.485376085815918401e+00
-1.036987029328645882e+01
-1.140676309681395928e+01
-1.138501770410575276e+01
-1.031497866051204326e+01
-9.406438025982449602e+00
-8.618369012928724260e+00
-7.923875902718161335e+00
-7.304368678867340314e+00
-6.746461271570268536e+00
-6.240195174536733447e+00
-5.777962034361880050e+00
-5.353819123869676844e+00
-4.963037409700781666e+00
-4.601793386259520169e+00
-4.266953069046657276e+00
-3.955916939243441455e+00
-3.666506305828954204e+00
-3.396878487111061773e+00
-3.145462470237875507e+00
-2.910909395706566372e+00
-2.692053955580225200e+00
-2.487883948393076139e+00
-2.297516014480691204e+00
-2.120176113432548970e+00
-1.955183682315124960e+00
-1.801938681533534758e+00
-1.659910928763441706e+00
-1.528631262903105137e+00
-1.407684184719526499e+00
-1.296701699237255978e+00
-1.195358144198185091e+00
-1.103365834209811824e+00
-1.020471385134672282e+00
-9.464526104753729907e-01
-8.811159028871925480e-01
-8.242940309096831175e-01
-7.758442945961755433e-01
-7.356469947224111294e-01
-7.036041792708295217e-01
-6.796386383757296867e-01
-6.636931252358081457e-01
-6.557297859398754092e-01
-6.557297859398754092e-01
-6.636931252358081457e-01
-6.796386383757289096e-01
-7.036041792708295217e-01
-7.356469947224119066e-01
-7.758442945961755433e-01
-8.242940309096822293e-01
-8.811159028871925480e-01
-9.464526104753729907e-01
-1.020471385134672282e+00
-1.103365834209811824e+00
-1.195358144198185091e+00
-1.296701699237255978e+00
-1.407684184719525611e+00
-1.528631262903103583e+00
-1.659910928763439486e+00
-1.801938681533535647e+00
-1.955183682315126070e+00
-2.120176113432548970e+00
-2.297516014480689428e+00
-2.487883948393076139e+00
-2.692053955580225200e+00
-2.910909395706563263e+00
-3.145462470237875507e+00
-3.396878487111061773e+00
-3.666506305828957313e+00
-3.955916939243441455e+00
-4.266953069046655500e+00
-4.601793386259520169e+00
-4.963037409700779001e+00
-5.353819123869674179e+00
-5.777962034361877386e+00
-6.240195174536733447e+00
-6.746461271570271201e+00
-7.304368678867338538e+00
-7.923875902718156894e+00
-8.618369012928724260e+00
-9.406438025982444273e+00
-1.031497866051203083e+01
-1.138501770410574743e+01
-1.136584641414242647e+01
-1.026682977428383836e+01
-9.337449908685771405e+00
-8.533695043583428230e+00
-7.826985322284976121e+00
-7.197708463754548092e+00
-6.631821983453624725e+00
-6.118926620621878421e+00
-5.651107113186951914e+00
-5.222200476414197823e+00
-4.827315530628634832e+00
-4.462506779204827190e+00
-4.124546717351312175e+00
-3.810762948798935845e+00
-3.518919169140696468e+00
-3.247126568172956862e+00
-2.993776781161990197e+00
-2.757490398088755068e+00
-2.537076898263052271e+00
-2.331503105196209180e+00
-2.139868084432738904e+00
-1.961382975881257096e+00
-1.795354649790719348e+00
-1.641172357796714110e+00
-1.498296753749817745e+00
-1.366250807380961385e+00
-1.244612243438629751e+00
-1.133007220806462767e+00
-1.031105027940670604e+00
-9.386136181370022813e-01
-8.552758444737665888e-01
-7.808662825342216340e-01
-7.151885511911842963e-01
-6.580730593120176497e-01
-6.093751203072392819e-01
-5.689733878227928310e-01
-5.367685751885168388e-01
-5.126824289631868314e-01
-4.966569334334651198e-01
-4.886537285268162667e-01
-4.886537285268162667e-01
-4.966569334334651198e-01
-5.126824289631861653e-01
-5.367685751885168388e-01
-5.689733878227936081e-01
-6.093751203072392819e-01
-6.580730593120160954e-01
-7.151885511911842963e-01
-7.808662825342216340e-01
-8.552758444737665888e-01
-9.386136181370022813e-01
-1.031105027940670604e+00
-1.133007220806462767e+00
-1.244612243438628862e+00
-1.366250807380959609e+00
-1.498296753749816190e+00
-1.641172357796714998e+00
-1.795354649790720014e+00
-1.961382975881257096e+00
-2.139868084432737128e+00
-2.331503105196209180e+00
-2.537076898263052271e+00
-2.757490398088751515e+00
-2.993776781161989309e+00
-3.247126568172956862e+00
-3.518919169140697800e+00
-3.810762948798935845e+00
-4.124546717351309510e+00
-4.462506779204827190e+00
-4.827315530628633056e+00
-5.222200476414194270e+00
-5.651107113186948361e+00
-6.118926620621876644e+00
-6.631821983453627389e+00
-7.197708463754546315e+00
-7.826985322284972568e+00
-8.533695043583428230e+00
-9.337449908685767852e+00
-1.026682977428382770e+01
-1.136584641414241936e+01
-1.134930707592671340e+01
-1.022547320112097680e+01
-9.278380176394856349e+00
-8.461365801197587189e+00
-7.744372490798935971e+00
-7.106898981011563698e+00
-6.534335935717847654e+00
-6.015905613312610534e+00
-5.543430421971808464e+00
-5.110559839287690309e+00
-4.712265079410647317e+00
-4.344497409402906740e+00
-4.003950375651211147e+00
-3.687890191524546779e+00
-3.394032112287377778e+00
-3.120448608960939563e+00
-2.865500012001941599e+00
-2.627781341414933802e+00
-2.406080999790068731e+00
-2.199348295782515894e+00
-2.006667634056621630e+00
-1.827237803189035059e+00
-1.660355208399283411e+00
-1.505400190321191989e+00
-1.361825782643325100e+00
-1.229148415623097845e+00
-1.106940186202146181e+00
-9.948224003045660346e-01
-8.924601569001863188e-01
-7.995577921826797496e-01
-7.158550397376730601e-01
-6.411237917263321595e-01
-5.751653689679102621e-01
-5.178082259002770860e-01
-4.689060308656194942e-01
-4.283360738610325069e-01
-3.959979634564517736e-01
-3.718125825114044214e-01
-3.557212790034822159e-01
-3.476852740214108617e-01
-3.476852740214108617e-01
-3.557212790034822159e-01
-3.718125825114036997e-01
-3.959979634564517736e-01
-4.283360738610331730e-01
-4.689060308656194942e-01
-5.178082259002770860e-01
-5.751653689679102621e-01
-6.411237917263321595e-01
-7.158550397376730601e-01
-7.995577921826797496e-01
-8.924601569001863188e-01
-9.948224003045660346e-01
-1.106940186202145515e+00
-1.229148415623096069e+00
-1.361825782643323546e+00
-1.505400190321191989e+00
-1.660355208399284965e+00
-1.827237803189035059e+00
-2.006667634056619853e+00
-2.199348295782515894e+00
-2.406080999790067843e+00
-2.627781341414931582e+00
-2.865500012001939378e+00
-3.120448608960939563e+00
-3.394032112287377778e+00
-3.687890191524546779e+00
-4.003950375651209370e+00
-4.344497409402906740e+00
-4.712265079410644653e+00
-5.110559839287685868e+00
-5.543430421971804911e+00
-6.015905613312609646e+00
-6.534335935717850319e+00
-7.106898981011563698e+00
-7.744372490798931530e+00
-8.461365801197587189e+00
-9.278380176394851020e+00
-1.022547320112096436e+01
-1.134930707592670629e+01
-1.133544912077354994e+01
-1.019094992717349513e+01
-9.229200669264633561e+00
-8.401265673512373411e+00
-7.675832367124854727e+00
-7.031650120471786281e+00
-6.453634544168457055e+00
-5.930692184629593910e+00
-5.454427461460779725e+00
-5.018334510631806467e+00
-4.617270872114702662e+00
-4.247102729014673450e+00
-3.904458691643463819e+00
-3.586554568206675064e+00
-3.291065903336932941e+00
-3.016033470775860703e+00
-2.759792004731014270e+00
-2.520915641122125628e+00
-2.298175585427744583e+00
-2.090506868287370423e+00
-1.896981952655336645e+00
-1.716789574061029722e+00
-1.549217625743296134e+00
-1.393639204829697720e+00
-1.249501154275504122e+00
-1.116314594300103602e+00
-9.936470542183398758e-01
-8.811159028871925480e-01
-7.783828417838756231e-01
-6.851492748190197712e-01
-6.011524074950670427e-01
-5.261619579070875297e-01
-4.599773855000737766e-01
-4.024255620204439943e-01
-3.533588238991084984e-01
-3.126533572552597229e-01
-2.802078764782451326e-01
-2.559425654388641780e-01
-2.397982571976419452e-01
-2.317358339299750436e-01
-2.317358339299750436e-01
-2.397982571976419452e-01
-2.559425654388627902e-01
-2.802078764782451326e-01
-3.126533572552597229e-01
-3.533588238991084984e-01
-4.024255620204433281e-01
-4.599773855000737766e-01
-5.261619579070875297e-01
-6.011524074950670427e-01
-6.851492748190197712e-01
-7.783828417838756231e-01
-8.811159028871925480e-01
-9.936470542183398758e-01
-1.116314594300102048e+00
-1.249501154275502346e+00
-1.393639204829698608e+00
-1.549217625743297910e+00
-1.716789574061029722e+00
-1.896981952655335091e+00
-2.090506868287370423e+00
-2.298175585427743695e+00
-2.520915641122122519e+00
-2.759792004731012938e+00
-3.016033470775860703e+00
-3.291065903336934273e+00
-3.586554568206675064e+00
-3.904458691643462487e+00
-4.247102729014673450e+00
-4.617270872114699998e+00
-5.018334510631802026e+00
-5.454427461460777060e+00
-5.930692184629593910e+00
-6.453634544168459719e+00
-7.031650120471785392e+00
-7.675832367124850286e+00
-8.401265673512373411e+00
-9.229200669264630008e+00
-1.019094992717348269e+01
-1.133544912077354283e+01
-1.132431362893268023e+01
-1.016329306232582574e+01
-9.189887167361023401e+00
-8.353299104563170374e+00
-7.621197202427236306e+00
-6.971725985545162985e+00
-6.389419423348756233e+00
-5.862931380157243133e+00
-5.383692341853612895e+00
-4.945072813667438005e+00
-4.541840062174944848e+00
-4.169792827103467658e+00
-3.825508328711437755e+00
-3.506162540899778080e+00
-3.209399664566221944e+00
-2.933235482178033315e+00
-2.675984566731854031e+00
-2.436204619001020699e+00
-2.212653321576129262e+00
-2.004254485669584529e+00
-1.810071196731126042e+00
-1.629284300559985299e+00
-1.461175013698092551e+00
-1.305110754335358170e+00
-1.160533514036382607e+00
-1.026950253486465847e+00
-9.039249253526052685e-01
-7.910718166430182885e-01
-6.880499701714554162e-01
-5.945584958685454779e-01
-5.103326219674996223e-01
-4.351403665627032735e-01
-3.687797338993174523e-01
-3.110763586146946813e-01
-2.618815362141484471e-01
-2.210705902204894713e-01
-1.885415363671764932e-01
-1.642140124292147674e-01
-1.480284492084330550e-01
-1.399454641307558145e-01
-1.399454641307558145e-01
-1.480284492084330550e-01
-1.642140124292140735e-01
-1.885415363671764932e-01
-2.210705902204901652e-01
-2.618815362141484471e-01
-3.110763586146946813e-01
-3.687797338993174523e-01
-4.351403665627032735e-01
-5.103326219674996223e-01
-5.945584958685454779e-01
-6.880499701714554162e-01
-7.910718166430182885e-01
-9.039249253526043804e-01
-1.026950253486464293e+00
-1.160533514036381719e+00
-1.305110754335358170e+00
-1.461175013698094327e+00
-1.629284300559985299e+00
-1.810071196731124488e+00
-2.004254485669584529e+00
-2.212653321576128373e+00
-2.436204619001017591e+00
-2.675984566731853143e+00
-2.933235482178033315e+00
-3.209399664566223276e+00
-3.506162540899778080e+00
-3.825508328711436423e+00
-4.169792827103467658e+00
-4.541840062174942183e+00
-4.945072813667432676e+00
-5.383692341853609342e+00
-5.862931380157243133e+00
-6.389419423348759786e+00
-6.971725985545162985e+00
-7.621197202427233641e+00
-8.353299104563170374e+00
-9.189887167361016296e+00
-1.016329306232581331e+01
-1.132431362893267313e+01
-1.131593338866082910e+01
-1.014252841695297569e+01
-9.160419817419787947e+00
-8.317390165076183450e+00
-7.580334794441940360e+00
-6.926941583437067784e+00
-6.341457407689788717e+00
-5.812346595099291413e+00
-5.330909470652430926e+00
-4.890424203196095831e+00
-4.485590748120207749e+00
-4.112157628113010333e+00
-3.766663846322463094e+00
-3.446255784923485610e+00
-3.148554382461111079e+00
-2.871556889176586580e+00
-2.613562938727167495e+00
-2.373118061691077862e+00
-2.148969933021070311e+00
-1.940034065494251836e+00
-1.745366611924814348e+00
-1.564142587979963084e+00
-1.395638278457489223e+00
-1.239216908359497937e+00
-1.094316888319171399e+00
-9.604421097176403244e-01
-8.371538867724314104e-01
-7.240642336340771257e-01
-6.208302328151296123e-01
-5.271493031936176354e-01
-4.427552156981841569e-01
-3.674147356883831761e-01
-3.009247952327644415e-01
-2.431101176021207289e-01
-1.938212315519608209e-01
-1.529328252774519448e-01
-1.203423999750367623e-01
-9.596919126588498994e-02
-7.975333373776173629e-02
-7.165524986855383027e-02
-7.165524986855383027e-02
-7.975333373776173629e-02
-9.596919126588428217e-02
-1.203423999750367623e-01
-1.529328252774526387e-01
-1.938212315519608209e-01
-2.431101176021200072e-01
-3.009247952327644415e-01
-3.674147356883831761e-01
-4.427552156981841569e-01
-5.271493031936176354e-01
-6.208302328151296123e-01
-7.240642336340771257e-01
-8.371538867724307442e-01
-9.604421097176387701e-01
-1.094316888319169623e+00
-1.239216908359498825e+00
-1.395638278457490777e+00
-1.564142587979963084e+00
-1.745366611924812128e+00
-1.940034065494251836e+00
-2.148969933021070311e+00
-2.373118061691074754e+00
-2.613562938727165275e+00
-2.871556889176586580e+00
-3.148554382461112411e+00
-3.446255784923485610e+00
-3.766663846322461762e+00
-4.112157628113010333e+00
-4.485590748120205085e+00
-4.890424203196090502e+00
-5.330909470652427373e+00
-5.812346595099291413e+00
-6.341457407689791381e+00
-6.926941583437067784e+00
-7.580334794441935031e+00
-8.317390165076181674e+00
-9.160419817419784394e+00
-1.014252841695296148e+01
-1.131593338866082199e+01
-1.131033294578432979e+01
-1.012867495671795304e+01
-9.140783458299420516e+00
-8.293482208716113746e+00
-7.553147135983577343e+00
-6.897160291439649704e+00
-6.309576768205945818e+00
-5.778734538817625221e+00
-5.295847299897832983e+00
-4.854131850813159232e+00
-4.448243462136727722e+00
-4.073897353041967762e+00
-3.727607203306498196e+00
-3.406499801868499766e+00
-3.108180695063007093e+00
-2.830634877966160090e+00
-2.572152110194406482e+00
-2.331269882314237485e+00
-2.106729260719637509e+00
-1.897440280400123136e+00
-1.702454519531845900e+00
-1.520943147864718403e+00
-1.352179197844367797e+00
-1.195523129901202353e+00
-1.050410994320344571e+00
-9.163446598104214580e-01
-7.928837021943809793e-01
-6.796386383757296867e-01
-5.762652597285673473e-01
-4.824598714965764312e-01
-3.979552850362794714e-01
-3.225174409346661664e-01
-2.559425654388627902e-01
-1.980547819174138247e-01
-1.487041144584592411e-01
-1.077648331202300247e-01
-7.513410047996790797e-02
-5.073088751232363025e-02
-3.449513388191854241e-02
-2.638713378483824312e-02
-2.638713378483824312e-02
-3.449513388191854241e-02
-5.073088751232294330e-02
-7.513410047996790797e-02
-1.077648331202307047e-01
-1.487041144584592411e-01
-1.980547819174131308e-01
-2.559425654388627902e-01
-3.225174409346661664e-01
-3.979552850362794714e-01
-4.824598714965764312e-01
-5.762652597285673473e-01
-6.796386383757296867e-01
-7.928837021943802021e-01
-9.163446598104196816e-01
-1.050410994320343017e+00
-1.195523129901203241e+00
-1.352179197844369574e+00
-1.520943147864718403e+00
-1.702454519531844124e+00
-1.897440280400123136e+00
-2.106729260719637509e+00
-2.331269882314234376e+00
-2.572152110194404262e+00
-2.830634877966160090e+00
-3.108180695063008425e+00
-3.406499801868499766e+00
-3.727607203306496420e+00
-4.073897353041967762e+00
-4.448243462136725057e+00
-4.854131850813154792e+00
-5.295847299897829430e+00
-5.778734538817623445e+00
-6.309576768205949371e+00
-6.897160291439649704e+00
-7.553147135983572014e+00
-8.293482208716113746e+00
-9.140783458299415187e+00
-1.012867495671794060e+01
-1.131033294578432269e+01
-1.130752864220553278e+01
-1.012174513978803425e+01
-9.130967855980671288e+00
-8.281537614358954968e+00
-7.539569426826976617e+00
-6.882292020517473574e+00
-6.293664486081043563e+00
-5.761961621794440269e+00
-5.278353855271073591e+00
-4.836027358330727388e+00
-4.429615116257942908e+00
-4.054815748900256089e+00
-3.708130320699098093e+00
-3.386675864211286857e+00
-3.088050264300635561e+00
-2.810232418168785440e+00
-2.551507173879145718e+00
-2.310408023846350467e+00
-2.085672748974173984e+00
-1.876208661550900381e+00
-1.681065066424278109e+00
-1.499411222504702490e+00
-1.330518546585232720e+00
-1.173746125968488707e+00
-1.028528838750262020e+00
-8.943675492748036637e-01
-7.708209702612112135e-01
-6.574988753171793210e-01
-5.540564149041879993e-01
-4.601893415138532673e-01
-3.756299902572176608e-01
-3.001438924073767112e-01
-2.335269239522903828e-01
-1.756029105797144996e-01
-1.262216259662841955e-01
-8.525713270307781755e-02
-5.260642536044779494e-02
-2.818834361167586039e-02
-1.194273041462060730e-02
-3.829816322221547397e-03
-3.829816322221547397e-03
-1.194273041462060730e-02
-2.818834361167517344e-02
-5.260642536044779494e-02
-8.525713270307851144e-02
-1.262216259662841955e-01
-1.756029105797138057e-01
-2.335269239522903828e-01
-3.001438924073767112e-01
-3.756299902572176608e-01
-4.601893415138532673e-01
-5.540564149041879993e-01
-6.574988753171793210e-01
-7.708209702612105474e-01
-8.943675492748018874e-01
-1.028528838750260466e+00
-1.173746125968489595e+00
-1.330518546585234274e+00
-1.499411222504702490e+00
-1.681065066424276333e+00
-1.876208661550900381e+00
-2.085672748974173096e+00
-2.310408023846347803e+00
-2.551507173879143497e+00
-2.810232418168785440e+00
-3.088050264300638226e+00
-3.386675864211286857e+00
-3.708130320699096760e+00
-4.054815748900256089e+00
-4.429615116257940244e+00
-4.836027358330722947e+00
-5.278353855271070927e+00
-5.761961621794439381e+00
-6.293664486081046228e+00
-6.882292020517471798e+00
-7.539569426826972176e+00
-8.281537614358954968e+00
-9.130967855980665959e+00
-1.012174513978802182e+01
-1.130752864220552389e+01
-1.130752864220553278e+01
-1.012174513978803425e+01
-9.130967855980671288e+00
-8.281537614358954968e+00
-7.539569426826976617e+00
-6.882292020517473574e+00
-6.293664486081043563e+00
-5.761961621794440269e+00
-5.278353855271073591e+00
-4.836027358330727388e+00
-4.429615116257942908e+00
-4.054815748900256089e+00
-3.708130320699098093e+00
-3.386675864211286857e+00
-3.088050264300635561e+00
-2.810232418168785440e+00
-2.551507173879145718e+00
-2.310408023846350467e+00
-2.085672748974173984e+00
-1.876208661550900381e+00
-1.681065066424278109e+00
-1.499411222504702490e+00
-1.330518546585232720e+00
-1.173746125968488707e+00
-1.028528838750262020e+00
-8.943675492748036637e-01
-7.708209702612112135e-01
-6.574988753171793210e-01
-5.540564149041879993e-01
-4.601893415138532673e-01
-3.756299902572176608e-01
-3.001438924073767112e-01
-2.335269239522903828e-01
-1.756029105797144996e-01
-1.262216259662841955e-01
-8.525713270307781755e-02
-5.260642536044779494e-02
-2.818834361167586039e-02
-1.194273041462060730e-02
-3.829816322221547397e-03
-3.829816322221547397e-03
-1.194273041462060730e-02
-2.818834361167517344e-02
-5.260642536044779494e-02
-8.525713270307851144e-02
-1.262216259662841955e-01
-1.756029105797138057e-01
-2.335269239522903828e-01
-3.001438924073767112e-01
-3.756299902572176608e-01
-4.601893415138532673e-01
-5.540564149041879993e-01
-6.574988753171793210e-01
-7.708209702612105474e-01
-8.943675492748018874e-01
-1.028528838750260466e+00
-1.173746125968489595e+00
-1.330518546585234274e+00
-1.499411222504702490e+00
-1.681065066424276333e+00
-1.876208661550900381e+00
-2.085672748974173096e+00
-2.310408023846347803e+00
-2.551507173879143497e+00
-2.810232418168785440e+00
-3.088050264300638226e+00
-3.386675864211286857e+00
-3.708130320699096760e+00
-4.054815748900256089e+00
-4.429615116257940244e+00
-4.836027358330722947e+00
-5.278353855271070927e+00
-5.761961621794439381e+00
-6.293664486081046228e+00
-6.882292020517471798e+00
-7.539569426826972176e+00
-8.281537614358954968e+00
-9.130967855980665959e+00
-1.012174513978802182e+01
-1.130752864220552389e+01
-1.131033294578432979e+01
-1.012867495671795304e+01
-9.140783458299420516e+00
-8.293482208716113746e+00
-7.553147135983577343e+00
-6.897160291439649704e+00
-6.309576768205945818e+00
-5.778734538817625221e+00
-5.295847299897832983e+00
-4.854131850813159232e+00
-4.448243462136727722e+00
-4.073897353041967762e+00
-3.727607203306498196e+00
-3.406499801868499766e+00
-3.108180695063007093e+00
-2.830634877966160090e+00
-2.572152110194406482e+00
-2.331269882314237485e+00
-2.106729260719637509e+00
-1.897440280400123136e+00
-1.702454519531845900e+00
-1.520943147864718403e+00
-1.352179197844367797e+00
-1.195523129901202353e+00
-1.050410994320344571e+00
-9.163446598104214580e-01
-7.928837021943809793e-01
-6.796386383757296867e-01
-5.762652597285673473e-01
-4.824598714965764312e-01
-3.979552850362794714e-01
-3.225174409346661664e-01
-2.559425654388627902e-01
-1.980547819174138247e-01
-1.487041144584592411e-01
-1.077648331202300247e-01
-7.513410047996790797e-02
-5.073088751232363025e-02
-3.449513388191854241e-02
-2.638713378483824312e-02
-2.638713378483824312e-02
-3.449513388191854241e-02
-5.073088751232294330e-02
-7.513410047996790797e-02
-1.077648331202307047e-01
-1.487041144584592411e-01
-1.980547819174131308e-01
-2.559425654388627902e-01
-3.225174409346661664e-01
-3.979552850362794714e-01
-4.824598714965764312e-01
-5.762652597285673473e-01
-6.796386383757296867e-01
-7.928837021943802021e-01
-9.163446598104196816e-01
-1.050410994320343017e+00
-1.195523129901203241e+00
-1.352179197844369574e+00
-1.520943147864718403e+00
-1.702454519531844124e+00
-1.897440280400123136e+00
-2.106729260719637509e+00
-2.331269882314234376e+00
-2.572152110194404262e+00
-2.830634877966160090e+00
-3.108180695063008425e+00
-3.406499801868499766e+00
-3.727607203306496420e+00
-4.073897353041967762e+00
-4.448243462136725057e+00
-4.854131850813154792e+00
-5.295847299897829430e+00
-5.778734538817623445e+00
-6.309576768205949371e+00
-6.897160291439649704e+00
-7.553147135983572014e+00
-8.293482208716113746e+00
-9.140783458299415187e+00
-1.012867495671794060e+01
-1.131033294578432269e+01
-1.131593338866082910e+01
-1.014252841695297569e+01
-9.160419817419787947e+00
-8.317390165076183450e+00
-7.580334794441940360e+00
-6.926941583437067784e+00
-6.341457407689788717e+00
-5.812346595099291413e+00
-5.330909470652430926e+00
-4.890424203196095831e+00
-4.485590748120207749e+00
-4.112157628113010333e+00
-3.766663846322463094e+00
-3.446255784923485610e+00
-3.148554382461111079e+00
-2.871556889176586580e+00
-2.613562938727167495e+00
-2.373118061691077862e+00
-2.148969933021070311e+00
-1.940034065494251836e+00
-1.745366611924814348e+00
-1.564142587979963084e+00
-1.395638278457489223e+00
-1.239216908359497937e+00
-1.094316888319171399e+00
-9.604421097176403244e-01
-8.371538867724314104e-01
-7.240642336340771257e-01
-6.208302328151296123e-01
-5.271493031936176354e-01
-4.427552156981841569e-01
-3.674147356883831761e-01
-3.009247952327644415e-01
-2.431101176021207289e-01
-1.938212315519608209e-01
-1.529328252774519448e-01
-1.203423999750367623e-01
-9.596919126588498994e-02
-7.975333373776173629e-02
-7.165524986855383027e-02
-7.165524986855383027e-02
-7.975333373776173629e-02
-9.596919126588428217e-02
-1.203423999750367623e-01
-1.529328252774526387e-01
-1.938212315519608209e-01
-2.431101176021200072e-01
-3.009247952327644415e-01
-3.674147356883831761e-01
-4.427552156981841569e-01
-5.271493031936176354e-01
-6.208302328151296123e-01
-7.240642336340771257e-01
-8.371538867724307442e-01
-9.604421097176387701e-01
-1.094316888319169623e+00
-1.239216908359498825e+00
-1.395638278457490777e+00
-1.564142587979963084e+00
-1.745366611924812128e+00
-1.940034065494251836e+00
-2.148969933021070311e+00
-2.373118061691074754e+00
-2.613562938727165275e+00
-2.871556889176586580e+00
-3.148554382461112411e+00
-3.446255784923485610e+00
-3.766663846322461762e+00
-4.112157628113010333e+00
-4.485590748120205085e+00
-4.890424203196090502e+00
-5.330909470652427373e+00
-5.812346595099291413e+00
-6.341457407689791381e+00
-6.926941583437067784e+00
-7.580334794441935031e+00
-8.317390165076181674e+00
-9.160419817419784394e+00
-1.014252841695296148e+01
-1.131593338866082199e+01
-1.132431362893268023e+01
-1.016329306232582574e+01
-9.189887167361023401e+00
-8.353299104563170374e+00
-7.621197202427236306e+00
-6.971725985545162985e+00
-6.389419423348756233e+00
-5.862931380157243133e+00
-5.383692341853612895e+00
-4.945072813667438005e+00
-4.541840062174944848e+00
-4.169792827103467658e+00
-3.825508328711437755e+00
-3.506162540899778080e+00
-3.209399664566221944e+00
-2.933235482178033315e+00
-2.675984566731854031e+00
-2.436204619001020699e+00
-2.212653321576129262e+00
-2.004254485669584529e+00
-1.810071196731126042e+00
-1.629284300559985299e+00
-1.461175013698092551e+00
-1.305110754335358170e+00
-1.160533514036382607e+00
-1.026950253486465847e+00
-9.039249253526052685e-01
-7.910718166430182885e-01
-6.880499701714554162e-01
-5.945584958685454779e-01
-5.103326219674996223e-01
-4.351403665627032735e-01
-3.687797338993174523e-01
-3.110763586146946813e-01
-2.618815362141484471e-01
-2.210705902204894713e-01
-1.885415363671764932e-01
-1.642140124292147674e-01
-1.480284492084330550e-01
-1.399454641307558145e-01
-1.399454641307558145e-01
-1.480284492084330550e-01
-1.642140124292140735e-01
-1.885415363671764932e-01
-2.210705902204901652e-01
-2.618815362141484471e-01
-3.110763586146946813e-01
-3.687797338993174523e-01
-4.351403665627032735e-01
-5.103326219674996223e-01
-5.945584958685454779e-01
-6.880499701714554162e-01
-7.910718166430182885e-01
-9.039249253526043804e-01
-1.026950253486464293e+00
-1.160533514036381719e+00
-1.305110754335358170e+00
-1.461175013698094327e+00
-1.629284300559985299e+00
-1.810071196731124488e+00
-2.004254485669584529e+00
-2.212653321576128373e+00
-2.436204619001017591e+00
-2.675984566731853143e+00
-2.933235482178033315e+00
-3.209399664566223276e+00
-3.506162540899778080e+00
-3.825508328711436423e+00
-4.169792827103467658e+00
-4.541840062174942183e+00
-4.945072813667432676e+00
-5.383692341853609342e+00
-5.862931380157243133e+00
-6.389419423348759786e+00
-6.971725985545162985e+00
-7.621197202427233641e+00
-8.353299104563170374e+00
-9.189887167361016296e+00
-1.016329306232581331e+01
-1.132431362893267313e+01
-1.133544912077354994e+01
-1.019094992717349513e+01
-9.229200669264633561e+00
-8.401265673512373411e+00
-7.675832367124852951e+00
-7.031650120471786281e+00
-6.453634544168456166e+00
-5.930692184629593910e+00
-5.454427461460779725e+00
-5.018334510631805578e+00
-4.617270872114702662e+00
-4.247102729014673450e+00
-3.904458691643463819e+00
-3.586554568206673732e+00
-3.291065903336931164e+00
-3.016033470775859815e+00
-2.759792004731014270e+00
-2.520915641122124740e+00
-2.298175585427744583e+00
-2.090506868287370423e+00
-1.896981952655336645e+00
-1.716789574061029722e+00
-1.549217625743296134e+00
-1.393639204829697054e+00
-1.249501154275504122e+00
-1.116314594300102936e+00
-9.936470542183398758e-01
-8.811159028871916599e-01
-7.783828417838756231e-01
-6.851492748190189941e-01
-6.011524074950654883e-01
-5.261619579070868635e-01
-4.599773855000731104e-01
-4.024255620204433281e-01
-3.533588238991077768e-01
-3.126533572552583351e-01
-2.802078764782451326e-01
-2.559425654388627902e-01
-2.397982571976412514e-01
-2.317358339299743220e-01
-2.317358339299743220e-01
-2.397982571976412514e-01
-2.559425654388627902e-01
-2.802078764782451326e-01
-3.126533572552597229e-01
-3.533588238991077768e-01
-4.024255620204425510e-01
-4.599773855000731104e-01
-5.261619579070868635e-01
-6.011524074950654883e-01
-6.851492748190189941e-01
-7.783828417838756231e-01
-8.811159028871916599e-01
-9.936470542183382104e-01
-1.116314594300101382e+00
-1.249501154275502346e+00
-1.393639204829697720e+00
-1.549217625743297910e+00
-1.716789574061029722e+00
-1.896981952655335091e+00
-2.090506868287370423e+00
-2.298175585427743695e+00
-2.520915641122121631e+00
-2.759792004731012938e+00
-3.016033470775859815e+00
-3.291065903336934273e+00
-3.586554568206673732e+00
-3.904458691643461155e+00
-4.247102729014673450e+00
-4.617270872114699998e+00
-5.018334510631802026e+00
-5.454427461460777060e+00
-5.930692184629593910e+00
-6.453634544168459719e+00
-7.031650120471785392e+00
-7.675832367124850286e+00
-8.401265673512373411e+00
-9.229200669264630008e+00
-1.019094992717348269e+01
-1.133544912077354283e+01
-1.134930707592671162e+01
-1.022547320112097680e+01
-9.278380176394856349e+00
-8.461365801197587189e+00
-7.744372490798934194e+00
-7.106898981011563698e+00
-6.534335935717847654e+00
-6.015905613312609646e+00
-5.543430421971807576e+00
-5.110559839287690309e+00
-4.712265079410647317e+00
-4.344497409402906740e+00
-4.003950375651211147e+00
-3.687890191524545447e+00
-3.394032112287376446e+00
-3.120448608960938230e+00
-2.865500012001940711e+00
-2.627781341414933802e+00
-2.406080999790067843e+00
-2.199348295782514118e+00
-2.006667634056621630e+00
-1.827237803189035059e+00
-1.660355208399283411e+00
-1.505400190321191101e+00
-1.361825782643325100e+00
-1.229148415623096957e+00
-1.106940186202145515e+00
-9.948224003045643693e-01
-8.924601569001855417e-01
-7.995577921826797496e-01
-7.158550397376722829e-01
-6.411237917263307162e-01
-5.751653689679102621e-01
-5.178082259002770860e-01
-4.689060308656187170e-01
-4.283360738610317298e-01
-3.959979634564517736e-01
-3.718125825114044214e-01
-3.557212790034814942e-01
-3.476852740214101400e-01
-3.476852740214101400e-01
-3.557212790034814942e-01
-3.718125825114036997e-01
-3.959979634564517736e-01
-4.283360738610325069e-01
-4.689060308656187170e-01
-5.178082259002763088e-01
-5.751653689679102621e-01
-6.411237917263307162e-01
-7.158550397376722829e-01
-7.995577921826797496e-01
-8.924601569001855417e-01
-9.948224003045643693e-01
-1.106940186202144627e+00
-1.229148415623095181e+00
-1.361825782643323546e+00
-1.505400190321191989e+00
-1.660355208399284965e+00
-1.827237803189035059e+00
-2.006667634056619853e+00
-2.199348295782514118e+00
-2.406080999790067843e+00
-2.627781341414929805e+00
-2.865500012001939378e+00
-3.120448608960938230e+00
-3.394032112287377778e+00
-3.687890191524545447e+00
-4.003950375651209370e+00
-4.344497409402906740e+00
-4.712265079410644653e+00
-5.110559839287685868e+00
-5.543430421971804023e+00
-6.015905613312609646e+00
-6.534335935717849431e+00
-7.106898981011563698e+00
-7.744372490798931530e+00
-8.461365801197587189e+00
-9.278380176394851020e+00
-1.022547320112096436e+01
-1.134930707592670629e+01
-1.136584641414242647e+01
-1.026682977428383836e+01
-9.337449908685771405e+00
-8.533695043583428230e+00
-7.826985322284976121e+00
-7.197708463754548092e+00
-6.631821983453624725e+00
-6.118926620621876644e+00
-5.651107113186951914e+00
-5.222200476414197823e+00
-4.827315530628633944e+00
-4.462506779204826302e+00
-4.124546717351311287e+00
-3.810762948798935845e+00
-3.518919169140695136e+00
-3.247126568172955974e+00
-2.993776781161990197e+00
-2.757490398088754180e+00
-2.537076898263052271e+00
-2.331503105196209180e+00
-2.139868084432738904e+00
-1.961382975881257096e+00
-1.795354649790718238e+00
-1.641172357796712999e+00
-1.498296753749816856e+00
-1.366250807380959609e+00
-1.244612243438629751e+00
-1.133007220806461879e+00
-1.031105027940669716e+00
-9.386136181370005049e-01
-8.552758444737659227e-01
-7.808662825342208569e-01
-7.151885511911836302e-01
-6.580730593120160954e-01
-6.093751203072392819e-01
-5.689733878227921648e-01
-5.367685751885160617e-01
-5.126824289631861653e-01
-4.966569334334643426e-01
-4.886537285268156006e-01
-4.886537285268156006e-01
-4.966569334334643426e-01
-5.126824289631853881e-01
-5.367685751885160617e-01
-5.689733878227928310e-01
-6.093751203072392819e-01
-6.580730593120160954e-01
-7.151885511911836302e-01
-7.808662825342208569e-01
-8.552758444737659227e-01
-9.386136181370005049e-01
-1.031105027940669716e+00
-1.133007220806461879e+00
-1.244612243438628862e+00
-1.366250807380957832e+00
-1.498296753749816190e+00
-1.641172357796714110e+00
-1.795354649790720014e+00
-1.961382975881257096e+00
-2.139868084432737128e+00
-2.331503105196209180e+00
-2.537076898263051383e+00
-2.757490398088750627e+00
-2.993776781161989309e+00
-3.247126568172955974e+00
-3.518919169140696468e+00
-3.810762948798935845e+00
-4.124546717351309510e+00
-4.462506779204826302e+00
-4.827315530628632168e+00
-5.222200476414193382e+00
-5.651107113186948361e+00
-6.118926620621876644e+00
-6.631821983453627389e+00
-7.197708463754546315e+00
-7.826985322284970792e+00
-8.533695043583428230e+00
-9.337449908685766076e+00
-1.026682977428382770e+01
-1.136584641414241936e+01
-1.138501770410575276e+01
-1.031497866051204326e+01
-9.406438025982449602e+00
-8.618369012928724260e+00
-7.923875902718161335e+00
-7.304368678867340314e+00
-6.746461271570268536e+00
-6.240195174536733447e+00
-5.777962034361880050e+00
-5.353819123869676844e+00
-4.963037409700781666e+00
-4.601793386259520169e+00
-4.266953069046657276e+00
-3.955916939243441455e+00
-3.666506305828954204e+00
-3.396878487111061773e+00
-3.145462470237875507e+00
-2.910909395706566372e+00
-2.692053955580225200e+00
-2.487883948393076139e+00
-2.297516014480691204e+00
-2.120176113432548970e+00
-1.955183682315124960e+00
-1.801938681533534758e+00
-1.659910928763441706e+00
-1.528631262903105137e+00
-1.407684184719526499e+00
-1.296701699237255978e+00
-1.195358144198185091e+00
-1.103365834209811824e+00
-1.020471385134672282e+00
-9.464526104753729907e-01
-8.811159028871925480e-01
-8.242940309096831175e-01
-7.758442945961755433e-01
-7.356469947224111294e-01
-7.036041792708295217e-01
-6.796386383757296867e-01
-6.636931252358081457e-01
-6.557297859398754092e-01
-6.557297859398754092e-01
-6.636931252358081457e-01
-6.796386383757289096e-01
-7.036041792708295217e-01
-7.356469947224119066e-01
-7.758442945961755433e-01
-8.242940309096822293e-01
-8.811159028871925480e-01
-9.464526104753729907e-01
-1.020471385134672282e+00
-1.103365834209811824e+00
-1.195358144198185091e+00
-1.296701699237255978e+00
-1.407684184719525611e+00
-1.528631262903103583e+00
-1.659910928763439486e+00
-1.801938681533535647e+00
-1.955183682315126070e+00
-2.120176113432548970e+00
-2.297516014480689428e+00
-2.487883948393076139e+00
-2.692053955580225200e+00
-2.910909395706563263e+00
-3.145462470237875507e+00
-3.396878487111061773e+00
-3.666506305828957313e+00
-3.955916939243441455e+00
-4.266953069046655500e+00
-4.601793386259520169e+00
-4.963037409700779001e+00
-5.353819123869674179e+00
-5.777962034361877386e+00
-6.240195174536733447e+00
-6.746461271570271201e+00
-7.304368678867338538e+00
-7.923875902718156894e+00
-8.618369012928724260e+00
-9.406438025982444273e+00
-1.031497866051203083e+01
-1.138501770410574743e+01
-1.140676309681396461e+01
-1.036987029328646948e+01
-9.485376085815923730e+00
-8.715523892652942806e+00
-8.035288746346692434e+00
-7.427228142215869688e+00
-6.878698946695045002e+00
-6.380244832918980258e+00
-5.924609050894782847e+00
-5.506102370171187310e+00
-5.120183104925468243e+00
-4.763169176376116809e+00
-4.432035338167418459e+00
-4.124267025731756853e+00
-3.837752861429459816e+00
-3.570704167374790128e+00
-3.321593738531456452e+00
-3.089108604469814612e+00
-2.872113119195793818e+00
-2.669619790356585476e+00
-2.480765986756571451e+00
-2.304795166095865433e+00
-2.141041618324356133e+00
-1.988917972203753992e+00
-1.847904895125549674e+00
-1.717542549935699769e+00
-1.597423471668106165e+00
-1.487186601439885347e+00
-1.386512271101700611e+00
-1.295117975354473483e+00
-1.212754801358614243e+00
-1.139204411841925779e+00
-1.074276498159783877e+00
-1.017806636005493592e+00
-9.696544895007933595e-01
-9.297023199627233447e-01
-8.978537643118879030e-01
-8.740328552966809550e-01
-8.581832618006414171e-01
-8.502677327481670266e-01
-8.502677327481670266e-01
-8.581832618006414171e-01
-8.740328552966800668e-01
-8.978537643118879030e-01
-9.297023199627233447e-01
-9.696544895007933595e-01
-1.017806636005492704e+00
-1.074276498159783877e+00
-1.139204411841925779e+00
-1.212754801358614243e+00
-1.295117975354473483e+00
-1.386512271101700611e+00
-1.487186601439885347e+00
-1.597423471668105499e+00
-1.717542549935698215e+00
-1.847904895125547897e+00
-1.988917972203755102e+00
-2.141041618324357909e+00
-2.304795166095865433e+00
-2.480765986756570562e+00
-2.669619790356585476e+00
-2.872113119195791597e+00
-3.089108604469811059e+00
-3.321593738531453344e+00
-3.570704167374790128e+00
-3.837752861429462925e+00
-4.124267025731756853e+00
-4.432035338167416683e+00
-4.763169176376116809e+00
-5.120183104925466466e+00
-5.506102370171182869e+00
-5.924609050894780182e+00
-6.380244832918979370e+00
-6.878698946695049443e+00
-7.427228142215868800e+00
-8.035288746346688882e+00
-8.715523892652941029e+00
-9.485376085815918401e+00
-1.036987029328645882e+01
-1.140676309681395928e+01
-1.143101625379057928e+01
-1.043144568794048155e+01
-9.574298367826694189e+00
-8.825317036169950669e+00
-8.161510508988554236e+00
-7.566698989738005920e+00
-7.029064719291106655e+00
-6.539713615610931008e+00
-6.091785120305863721e+00
-5.679877191799399760e+00
-5.299661370829648277e+00
-4.947617181335455250e+00
-4.620844057963156892e+00
-4.316925142419062666e+00
-4.033826682808917319e+00
-3.769822427578823465e+00
-3.523435920420004752e+00
-3.293395846392725090e+00
-3.078601047246692701e+00
-2.878092805040155078e+00
-2.691032661987643237e+00
-2.516684508574244639e+00
-2.354399999279652711e+00
-2.203606589529414350e+00
-2.063797657478454894e+00
-1.934524299138507430e+00
-1.815388478223560753e+00
-1.706037281886599200e+00
-1.606158086528432838e+00
-1.515474478510767664e+00
-1.433742806075557485e+00
-1.360749263359335215e+00
-1.296307426775852978e+00
-1.240256179466133757e+00
-1.192457971910306558e+00
-1.152797376861196987e+00
-1.121179905029936030e+00
-1.097531054841920817e+00
-1.081795575410319232e+00
-1.073936926901489564e+00
-1.073936926901489564e+00
-1.081795575410319232e+00
-1.097531054841920817e+00
-1.121179905029936030e+00
-1.152797376861197876e+00
-1.192457971910306558e+00
-1.240256179466132869e+00
-1.296307426775852978e+00
-1.360749263359335215e+00
-1.433742806075557485e+00
-1.515474478510767664e+00
-1.606158086528432838e+00
-1.706037281886599200e+00
-1.815388478223560087e+00
-1.934524299138505432e+00
-2.063797657478453562e+00
-2.203606589529415682e+00
-2.354399999279653599e+00
-2.516684508574244639e+00
-2.691032661987641017e+00
-2.878092805040155078e+00
-3.078601047246691369e+00
-3.293395846392721538e+00
-3.523435920420004308e+00
-3.769822427578823465e+00
-4.033826682808919095e+00
-4.316925142419062666e+00
-4.620844057963156004e+00
-4.947617181335455250e+00
-5.299661370829644724e+00
-5.679877191799394431e+00
-6.091785120305860168e+00
-6.539713615610931008e+00
-7.029064719291111096e+00
-7.566698989738004144e+00
-8.161510508988550683e+00
-8.825317036169950669e+00
-9.574298367826688860e+00
-1.043144568794047089e+01
-1.143101625379057218e+01
-1.145770227296776866e+01
-1.049963546304287476e+01
-9.673241042703107695e+00
-8.947927647280502939e+00
-8.302873210696281703e+00
-7.723263396089657284e+00
-7.198182837378816146e+00
-6.719357686228404347e+00
-6.280367698190937986e+00
-5.876132011642631880e+00
-5.502561913237197011e+00
-5.156319473000771758e+00
-4.834645536231846563e+00
-4.535234456554799287e+00
-4.256141117150792574e+00
-3.995710747351393977e+00
-3.752525147117930615e+00
-3.525360928030795815e+00
-3.313156693050105073e+00
-3.114986960268528726e+00
-2.930041240783746836e+00
-2.757607102470287508e+00
-2.597056350024434135e+00
-2.447833666189802582e+00
-2.309447215279263776e+00
-2.181460825260984393e+00
-2.063487450543382007e+00
-1.955183682315124294e+00
-1.856245122576006601e+00
-1.766402475879512046e+00
-1.685418242204207218e+00
-1.613083917387908350e+00
-1.549217625743296134e+00
-1.493662123973544142e+00
-1.446283127180000516e+00
-1.406967917250946165e+00
-1.375624201737494889e+00
-1.352179197844367797e+00
-1.336578921690999344e+00
-1.328787667773198677e+00
-1.328787667773198677e+00
-1.336578921690999344e+00
-1.352179197844367797e+00
-1.375624201737494889e+00
-1.406967917250947053e+00
-1.446283127180000516e+00
-1.493662123973543254e+00
-1.549217625743296134e+00
-1.613083917387908350e+00
-1.685418242204207218e+00
-1.766402475879512046e+00
-1.856245122576006601e+00
-1.955183682315124294e+00
-2.063487450543381119e+00
-2.181460825260984393e+00
-2.309447215279262000e+00
-2.447833666189803914e+00
-2.597056350024436355e+00
-2.757607102470287508e+00
-2.930041240783745060e+00
-3.114986960268528726e+00
-3.313156693050103740e+00
-3.525360928030793151e+00
-3.752525147117929283e+00
-3.995710747351393977e+00
-4.256141117150793463e+00
-4.535234456554799287e+00
-4.834645536231845675e+00
-5.156319473000771758e+00
-5.502561913237194346e+00
-5.876132011642627440e+00
-6.280367698190935322e+00
-6.719357686228404347e+00
-7.198182837378818810e+00
-7.723263396089655508e+00
-8.302873210696276374e+00
-8.947927647280502939e+00
-9.673241042703104142e+00
-1.049963546304286410e+01
-1.145770227296776156e+01
-1.148673761553035000e+01
-1.057435871308748432e+01
-9.782241158613901533e+00
-9.083557538049912949e+00
-8.459758096233620961e+00
-7.897481433327055989e+00
-7.386784474462312566e+00
-6.920068532383137239e+00
-6.491396787914799127e+00
-6.096043570949093215e+00
-5.730186955617782907e+00
-5.390693245895583630e+00
-5.074962246408428967e+00
-4.780813844856742101e+00
-4.506403344280786705e+00
-4.250157226364196461e+00
-4.010723707246526715e+00
-3.786934183992969771e+00
-3.577772820978450508e+00
-3.382352304159807588e+00
-3.199894327823142870e+00
-3.029713754434899098e+00
-2.871205655817176794e+00
-2.723834636987721769e+00
-2.587125985201158329e+00
-2.460658291211066828e+00
-2.344057267960335089e+00
-2.236990551035145991e+00
-2.139163310378298544e+00
-2.050314537576588325e+00
-1.970213900128525264e+00
-1.898659075366029958e+00
-1.835473493548015256e+00
-1.780504433106595563e+00
-1.733621421890030101e+00
-1.694714907103755275e+00
-1.663695163956916856e+00
-1.640491419129421535e+00
-1.625051170361546449e+00
-1.617339687956367733e+00
-1.617339687956367733e+00
-1.625051170361546449e+00
-1.640491419129421535e+00
-1.663695163956916856e+00
-1.694714907103755275e+00
-1.733621421890030101e+00
-1.780504433106594897e+00
-1.835473493548015256e+00
-1.898659075366029958e+00
-1.970213900128525264e+00
-2.050314537576588325e+00
-2.139163310378298544e+00
-2.236990551035145991e+00
-2.344057267960333757e+00
-2.460658291211065940e+00
-2.587125985201156109e+00
-2.723834636987722657e+00
-2.871205655817177682e+00
-3.029713754434899098e+00
-3.199894327823141538e+00
-3.382352304159807588e+00
-3.577772820978447843e+00
-3.786934183992967107e+00
-4.010723707246525827e+00
-4.250157226364196461e+00
-4.506403344280787593e+00
-4.780813844856742101e+00
-5.074962246408426303e+00
-5.390693245895583630e+00
-5.730186955617781130e+00
-6.096043570949088775e+00
-6.491396787914798239e+00
-6.920068532383137239e+00
-7.386784474462315231e+00
-7.897481433327054212e+00
-8.459758096233617408e+00
-9.083557538049911173e+00
-9.782241158613897980e+00
-1.057435871308747544e+01
-1.148673761553034467e+01
-1.151803003749183141e+01
-1.065552172414330023e+01
-9.901335412460312568e+00
-9.232431957683552071e+00
-8.632600237998513393e+00
-8.090000675087363646e+00
-7.595723116824439458e+00
-7.142894571642754542e+00
-6.726102949114792118e+00
-6.341011348243289270e+00
-5.984091956714341798e+00
-5.652437642995820966e+00
-5.343625520989987443e+00
-5.055616184262244239e+00
-4.786677978674428680e+00
-4.535329205374523553e+00
-4.300293395033683908e+00
-4.080464265066462204e+00
-3.874877954673769054e+00
-3.682690802655581574e+00
-3.503161397890257156e+00
-3.335635960244148546e+00
-3.179536344327093200e+00
-3.034350128751811759e+00
-2.899622378632167763e+00
-2.774948762028985882e+00
-2.659969770919552001e+00
-2.554365850310361452e+00
-2.457853279774617317e+00
-2.370180683155312273e+00
-2.291126066732144473e+00
-2.220494305488260434e+00
-2.158115012474163485e+00
-2.103840738578356628e+00
-2.057545459976386937e+00
-2.019123318673595513e+00
-1.988487588291411479e+00
-1.965569842890567909e+00
-1.950319311428481361e+00
-1.942702404613815936e+00
-1.942702404613815936e+00
-1.950319311428481361e+00
-1.965569842890566798e+00
-1.988487588291411479e+00
-2.019123318673595513e+00
-2.057545459976386937e+00
-2.103840738578354852e+00
-2.158115012474163485e+00
-2.220494305488260434e+00
-2.291126066732144473e+00
-2.370180683155312273e+00
-2.457853279774617317e+00
-2.554365850310361452e+00
-2.659969770919550669e+00
-2.774948762028984994e+00
-2.899622378632165542e+00
-3.034350128751812647e+00
-3.179536344327095421e+00
-3.335635960244148546e+00
-3.503161397890255380e+00
-3.682690802655581574e+00
-3.874877954673767722e+00
-4.080464265066460428e+00
-4.300293395033683019e+00
-4.535329205374523553e+00
-4.786677978674428680e+00
-5.055616184262244239e+00
-5.343625520989985667e+00
-5.652437642995820966e+00
-5.984091956714339133e+00
-6.341011348243285717e+00
-6.726102949114788565e+00
-7.142894571642754542e+00
-7.595723116824442123e+00
-8.090000675087363646e+00
-8.632600237998509840e+00
-9.232431957683552071e+00
-9.901335412460309016e+00
-1.065552172414328957e+01
-1.151803003749182608e+01
-1.155147853026325322e+01
-1.074301652389785389e+01
-1.003055866671308927e+01
-9.394800482486893145e+00
-8.821894012315516065e+00
-8.301567943466777066e+00
-7.825993729824593181e+00
-7.389068441839179435e+00
-6.985943076864425727e+00
-6.612701943439059704e+00
-6.266138538819467030e+00
-5.943595044743561928e+00
-5.642844935171496878e+00
-5.362005510376695483e+00
-5.099471650039805404e+00
-4.853864898212295387e+00
-4.623993815358961257e+00
-4.408822737608979914e+00
-4.207446896655902435e+00
-4.019072413069621597e+00
-3.843000067016829835e+00
-3.678612028317415739e+00
-3.525360928030797147e+00
-3.382760799972403198e+00
-3.250379528600529699e+00
-3.127832520455164911e+00
-3.014777377309476591e+00
-2.910909395706566372e+00
-2.815957753365768035e+00
-2.729682270764056007e+00
-2.651870658000532455e+00
-2.582336174284169505e+00
-2.520915641122125628e+00
-2.467467761333866250e+00
-2.421871704984658091e+00
-2.384025930686409112e+00
-2.353847216814239918e+00
-2.331269882314237485e+00
-2.316245181154263921e+00
-2.308740858274472618e+00
-2.308740858274472618e+00
-2.316245181154263921e+00
-2.331269882314236597e+00
-2.353847216814239918e+00
-2.384025930686410000e+00
-2.421871704984658091e+00
-2.467467761333866250e+00
-2.520915641122125628e+00
-2.582336174284169505e+00
-2.651870658000532455e+00
-2.729682270764056007e+00
-2.815957753365768035e+00
-2.910909395706566372e+00
-3.014777377309476591e+00
-3.127832520455164023e+00
-3.250379528600528811e+00
-3.382760799972403198e+00
-3.525360928030798480e+00
-3.678612028317415739e+00
-3.843000067016829835e+00
-4.019072413069621597e+00
-4.207446896655900659e+00
-4.408822737608977249e+00
-4.623993815358959480e+00
-4.853864898212295387e+00
-5.099471650039805404e+00
-5.362005510376695483e+00
-5.642844935171495102e+00
-5.943595044743561928e+00
-6.266138538819464365e+00
-6.612701943439055263e+00
-6.985943076864423951e+00
-7.389068441839178547e+00
-7.825993729824595846e+00
-8.301567943466777066e+00
-8.821894012315512512e+00
-9.394800482486893145e+00
-1.003055866671308571e+01
-1.074301652389784678e+01
-1.155147853026324789e+01
-1.158697327497426421e+01
-1.083671925766588728e+01
-1.016994216498391168e+01
-9.570937952202946519e+00
-9.028199613263147683e+00
-8.533043718219905927e+00
-8.078756750947732712e+00
-7.660041702385372631e+00
-7.272646479014481358e+00
-6.913106847934655796e+00
-6.578564006023856159e+00
-6.266632200902281014e+00
-5.975300782733504512e+00
-5.702860474215336595e+00
-5.447847014977318381e+00
-5.208997492412630770e+00
-4.985216084036133921e+00
-4.775546882824829531e+00
-4.579152123222314685e+00
-4.395294574598947790e+00
-4.223323186126246576e+00
-4.062661294324219519e+00
-3.912796869651575360e+00
-3.773274399950928615e+00
-3.643688098923141272e+00
-3.523676195769893216e+00
-3.412916113781578442e+00
-3.311120385256038468e+00
-3.218033180791047609e+00
-3.133427354929160913e+00
-3.057101928979418570e+00
-2.988879946802668108e+00
-2.928606651325975641e+00
-2.876147939225007555e+00
-2.831389059096848460e+00
-2.794233524935436197e+00
-2.764602222124779018e+00
-2.742432687722185847e+00
-2.727678550706671423e+00
-2.720309121271420327e+00
-2.720309121271420327e+00
-2.727678550706671423e+00
-2.742432687722184959e+00
-2.764602222124779018e+00
-2.794233524935436197e+00
-2.831389059096848460e+00
-2.876147939225007555e+00
-2.928606651325975641e+00
-2.988879946802668108e+00
-3.057101928979418570e+00
-3.133427354929160913e+00
-3.218033180791047609e+00
-3.311120385256038468e+00
-3.412916113781577554e+00
-3.523676195769890551e+00
-3.643688098923139940e+00
-3.773274399950929947e+00
-3.912796869651576248e+00
-4.062661294324219519e+00
-4.223323186126246576e+00
-4.395294574598947790e+00
-4.579152123222312909e+00
-4.775546882824825978e+00
-4.985216084036131257e+00
-5.208997492412630770e+00
-5.447847014977320157e+00
-5.702860474215336595e+00
-5.975300782733503624e+00
-6.266632200902281014e+00
-6.578564006023853494e+00
-6.913106847934651356e+00
-7.272646479014476917e+00
-7.660041702385372631e+00
-8.078756750947736265e+00
-8.533043718219905927e+00
-9.028199613263145906e+00
-9.570937952202944743e+00
-1.016994216498390813e+01
-1.083671925766588018e+01
-1.158697327497426066e+01
-1.162439561580640124e+01
-1.093648838254756228e+01
-1.031951139065395751e+01
-9.761145431379073756e+00
-9.252150810696788241e+00
-8.785419893516971612e+00
-8.355368332862907366e+00
-7.957529346273082282e+00
-7.588274830368928470e+00
-7.244618520205103884e+00
-6.924073834746214295e+00
-6.624549135932984889e+00
-6.344269177151836026e+00
-6.081715259661299555e+00
-5.835578996605760516e+00
-5.604726136824132787e+00
-5.388167935584345258e+00
-5.185038263074295273e+00
-4.994575128647039897e+00
-4.816105641647937752e+00
-4.649033674547591310e+00
-4.492829671465048413e+00
-4.347022175254993570e+00
-4.211190742876945059e+00
-4.084959991201130514e+00
-3.967994570312351144e+00
-3.859994903393149102e+00
-3.760693564718775139e+00
-3.669852192575065786e+00
-3.587258853766566613e+00
-3.512725792105936051e+00
-3.446087505827675646e+00
-3.387199108970993411e+00
-3.335934939975488511e+00
-3.292187387447595981e+00
-3.255865908608982284e+00
-3.226896220582275543e+00
-3.205219648603760074e+00
-3.190792618635974964e+00
-3.183586284815060896e+00
-3.183586284815060896e+00
-3.190792618635974964e+00
-3.205219648603759186e+00
-3.226896220582275543e+00
-3.255865908608983617e+00
-3.292187387447595981e+00
-3.335934939975488511e+00
-3.387199108970993411e+00
-3.446087505827675646e+00
-3.512725792105936051e+00
-3.587258853766566613e+00
-3.669852192575065786e+00
-3.760693564718775139e+00
-3.859994903393149102e+00
-3.967994570312348479e+00
-4.084959991201128737e+00
-4.211190742876945947e+00
-4.347022175254995346e+00
-4.492829671465048413e+00
-4.649033674547590422e+00
-4.816105641647937752e+00
-4.994575128647038120e+00
-5.185038263074293496e+00
-5.388167935584343482e+00
-5.604726136824132787e+00
-5.835578996605761404e+00
-6.081715259661299555e+00
-6.344269177151835137e+00
-6.624549135932984889e+00
-6.924073834746211631e+00
-7.244618520205102996e+00
-7.588274830368925805e+00
-7.957529346273082282e+00
-8.355368332862909142e+00
-8.785419893516971612e+00
-9.252150810696786465e+00
-9.761145431379071979e+00
-1.031951139065395395e+01
-1.093648838254755340e+01
-1.162439561580639769e+01
-1.166361805809166086e+01
-1.104216267314505551e+01
-1.047928350269119946e+01
-9.965751165276760304e+00
-9.494464214028333515e+00
-9.059841794644967194e+00
-8.657418794361698033e+00
-8.283567508391419310e+00
-7.935301158515965625e+00
-7.610131977920227442e+00
-7.305966632658515536e+00
-7.021027781740826867e+00
-6.753794310814720703e+00
-6.502955149637558385e+00
-6.267373132492076060e+00
-6.046056393328398393e+00
-5.838135489628520247e+00
-5.642844935171495990e+00
-5.459508164041764644e+00
-5.287525192660353923e+00
-5.126362423656606104e+00
-4.975544165255762152e+00
-4.834645536231845675e+00
-4.703286498783691982e+00
-4.581126816498624521e+00
-4.467861776507901617e+00
-4.363218547321252139e+00
-4.266953069046655500e+00
-4.178847392502250457e+00
-4.098707399397034656e+00
-4.026360848254324054e+00
-3.961655700796205437e+00
-3.904458691643463819e+00
-3.854654110830689095e+00
-3.812142774111154431e+00
-3.776841160580810097e+00
-3.748680700981525060e+00
-3.727607203306497752e+00
-3.713580405151100550e+00
-3.706573644733154982e+00
-3.706573644733154982e+00
-3.713580405151100550e+00
-3.727607203306496420e+00
-3.748680700981525060e+00
-3.776841160580810097e+00
-3.812142774111154431e+00
-3.854654110830687763e+00
-3.904458691643463819e+00
-3.961655700796205437e+00
-4.026360848254324054e+00
-4.098707399397034656e+00
-4.178847392502250457e+00
-4.266953069046655500e+00
-4.363218547321250362e+00
-4.467861776507901617e+00
-4.581126816498622745e+00
-4.703286498783691982e+00
-4.834645536231846563e+00
-4.975544165255762152e+00
-5.126362423656605216e+00
-5.287525192660353923e+00
-5.459508164041763756e+00
-5.642844935171493326e+00
-5.838135489628520247e+00
-6.046056393328398393e+00
-6.267373132492077836e+00
-6.502955149637558385e+00
-6.753794310814718926e+00
-7.021027781740826867e+00
-7.305966632658514648e+00
-7.610131977920223001e+00
-7.935301158515963849e+00
-8.283567508391419310e+00
-8.657418794361699810e+00
-9.059841794644967194e+00
-9.494464214028329963e+00
-9.965751165276758528e+00
-1.047928350269119591e+01
-1.104216267314504840e+01
-1.166361805809165730e+01
-1.170450429740374787e+01
-1.115355903425221662e+01
-1.064926427109545415e+01
-1.018511148732061145e+01
-9.755950375007069297e+00
-9.357635683101886315e+00
-8.986782011560237038e+00
-8.640589229659157766e+00
-8.316715433553630632e+00
-8.013182709177716134e+00
-7.728306034055447249e+00
-7.460638820151768158e+00
-7.208930634381369273e+00
-6.972093970960260734e+00
-6.749177848018100612e+00
-6.539346615750721625e+00
-6.341862791654490294e+00
-6.156073041437920779e+00
-5.981396641790259316e+00
-5.817315919503241339e+00
-5.663368278061164496e+00
-5.519139509703518520e+00
-5.384258156392695227e+00
-5.258390732877778362e+00
-5.141237663239841993e+00
-5.032529811879551396e+00
-4.932025512999793193e+00
-4.839508020808907851e+00
-4.754783317080908844e+00
-4.677678224221651249e+00
-4.608038781254446548e+00
-4.545728847649054494e+00
-4.490628906052344327e+00
-4.442635040029101035e+00
-4.401658067114571082e+00
-4.367622810994822302e+00
-4.340467499608314128e+00
-4.320143278515534035e+00
-4.306613831105257972e+00
-4.299855099171839612e+00
-4.299855099171839612e+00
-4.306613831105257972e+00
-4.320143278515532259e+00
-4.340467499608314128e+00
-4.367622810994822302e+00
-4.401658067114571082e+00
-4.442635040029101035e+00
-4.490628906052344327e+00
-4.545728847649054494e+00
-4.608038781254446548e+00
-4.677678224221651249e+00
-4.754783317080908844e+00
-4.839508020808907851e+00
-4.932025512999793193e+00
-5.032529811879549619e+00
-5.141237663239841105e+00
-5.258390732877779250e+00
-5.384258156392697003e+00
-5.519139509703518520e+00
-5.663368278061162719e+00
-5.817315919503241339e+00
-5.981396641790259316e+00
-6.156073041437918114e+00
-6.341862791654489406e+00
-6.539346615750721625e+00
-6.749177848018100612e+00
-6.972093970960260734e+00
-7.208930634381368385e+00
-7.460638820151768158e+00
-7.728306034055445473e+00
-8.013182709177712582e+00
-8.316715433553627079e+00
-8.640589229659157766e+00
-8.986782011560240591e+00
-9.357635683101886315e+00
-9.755950375007065745e+00
-1.018511148732061145e+01
-1.064926427109545237e+01
-1.115355903425220951e+01
-1.170450429740374432e+01
-1.174690928630991849e+01
-1.127047011892119421e+01
-1.082944442111655725e+01
-1.041961161798668734e+01
-1.003752715736313839e+01
-9.680343425073109742e+00
-9.345679625176272154e+00
-9.031525388815696331e+00
-8.736168135474409624e+00
-8.458137492337238328e+00
-8.196162180654740226e+00
-7.949136158359830340e+00
-7.716091733713735579e+00
-7.496177997411192173e+00
-7.288643360664465831e+00
-7.092821297844007944e+00
-6.908118615343167512e+00
-6.734005730493662689e+00
-6.570008563696132065e+00
-6.415701735765423130e+00
-6.270702829327282402e+00
-6.134667523890286134e+00
-6.007285453168324629e+00
-5.888276663364248265e+00
-5.777388574632664309e+00
-5.674393366420122931e+00
-5.579085722017925519e+00
-5.491280879338549248e+00
-5.410812944305342320e+00
-5.337533430829812353e+00
-5.271309997526553381e+00
-5.212025356378856777e+00
-5.159576332748612160e+00
-5.113873059601991677e+00
-5.074838291739665941e+00
-5.042406828289567322e+00
-5.016525033832116343e+00
-4.997150450355566598e+00
-4.984251493843279590e+00
-4.977807230725135312e+00
-4.977807230725135312e+00
-4.984251493843279590e+00
-4.997150450355566598e+00
-5.016525033832116343e+00
-5.042406828289567322e+00
-5.074838291739665941e+00
-5.113873059601991677e+00
-5.159576332748612160e+00
-5.212025356378856777e+00
-5.271309997526553381e+00
-5.337533430829812353e+00
-5.410812944305342320e+00
-5.491280879338549248e+00
-5.579085722017925519e+00
-5.674393366420122931e+00
-5.777388574632664309e+00
-5.888276663364249153e+00
-6.007285453168325517e+00
-6.134667523890286134e+00
-6.270702829327279737e+00
-6.415701735765423130e+00
-6.570008563696132065e+00
-6.734005730493660025e+00
-6.908118615343165736e+00
-7.092821297844007944e+00
-7.288643360664465831e+00
-7.496177997411192173e+00
-7.716091733713735579e+00
-7.949136158359830340e+00
-8.196162180654740226e+00
-8.458137492337234775e+00
-8.736168135474407848e+00
-9.031525388815696331e+00
-9.345679625176273930e+00
-9.680343425073107966e+00
-1.003752715736313483e+01
-1.041961161798668734e+01
-1.082944442111655370e+01
-1.127047011892118888e+01
-1.174690928630991671e+01
-1.179067934584089627e+01
-1.139266175451872876e+01
-1.101979528046972945e+01
-1.066966627172116056e+01
-1.034023592748345344e+01
-1.002976663959773163e+01
-9.736765662969309787e+00
-9.459941441065558010e+00
-9.198169320674299598e+00
-8.950464333334515743e+00
-8.715959365024620098e+00
-8.493887483435766939e+00
-8.283567508391413980e+00
-8.084392137622080199e+00
-7.895818104746288313e+00
-7.717357967402057817e+00
-7.548573213565502371e+00
-7.389068441839175883e+00
-7.238486422943643639e+00
-7.096503889084918804e+00
-6.962827928365856955e+00
-6.837192885183205782e+00
-6.719357686228399018e+00
-6.609103526489973568e+00
-6.506231861433105834e+00
-6.410562660979523208e+00
-6.321932888538590589e+00
-6.240195174536728118e+00
-6.165216658956907736e+00
-6.096877981564662541e+00
-6.035072401942767506e+00
-5.979705034325706769e+00
-5.930692184629588581e+00
-5.887960779102765940e+00
-5.851447875749071770e+00
-5.821100251157060868e+00
-5.796874056652612239e+00
-5.778734538817619004e+00
-5.766655820416684897e+00
-5.760620738674766983e+00
-5.760620738674766983e+00
-5.766655820416684897e+00
-5.778734538817619004e+00
-5.796874056652612239e+00
-5.821100251157060868e+00
-5.851447875749071770e+00
-5.887960779102765940e+00
-5.930692184629588581e+00
-5.979705034325706769e+00
-6.035072401942767506e+00
-6.096877981564662541e+00
-6.165216658956907736e+00
-6.240195174536728118e+00
-6.321932888538590589e+00
-6.410562660979522320e+00
-6.506231861433104058e+00
-6.609103526489973568e+00
-6.719357686228400794e+00
-6.837192885183205782e+00
-6.962827928365855179e+00
-7.096503889084918804e+00
-7.238486422943643639e+00
-7.389068441839173218e+00
-7.548573213565502371e+00
-7.717357967402057817e+00
-7.895818104746288313e+00
-8.084392137622080199e+00
-8.283567508391413980e+00
-8.493887483435766939e+00
-8.715959365024618322e+00
-8.950464333334512190e+00
-9.198169320674299598e+00
-9.459941441065558010e+00
-9.736765662969309787e+00
-1.002976663959773163e+01
-1.034023592748344988e+01
-1.066966627172116056e+01
-1.101979528046972767e+01
-1.139266175451872343e+01
-1.179067934584089272e+01
-1.183565232905410802e+01
-1.151987018508320482e+01
-1.122026360732063566e+01
-1.093571995672656527e+01
-1.066526129093186626e+01
-1.040802358036871489e+01
-1.016323983356738836e+01
-9.930226280321218013e+00
-9.708370970445733050e+00
-9.497124298194032477e+00
-9.295991074771588814e+00
-9.104523855239179397e+00
-8.922317289305931709e+00
-8.749003313639622803e+00
-8.584247040294426867e+00
-8.427743224504917308e+00
-8.279213217471594888e+00
-8.138402327373070122e+00
-8.005077525797227977e+00
-7.879025447920679603e+00
-7.760050643709322848e+00
-7.647974044638443658e+00
-7.542631616302892361e+00
-7.443873172086289181e+00
-7.351561327000721846e+00
-7.265570574064607712e+00
-7.185786468289556694e+00
-7.112104905602628868e+00
-7.044431485921990088e+00
-6.982680951198653396e+00
-6.926776690588391183e+00
-6.876650306069820751e+00
-6.832241232812035214e+00
-6.793496409447484119e+00
-6.760369994146402384e+00
-6.732823123038113700e+00
-6.710823708098402562e+00
-6.694346272134804821e+00
-6.683371818965158084e+00
-6.677887737309392335e+00
-6.677887737309392335e+00
-6.683371818965158084e+00
-6.694346272134804821e+00
-6.710823708098402562e+00
-6.732823123038114588e+00
-6.760369994146402384e+00
-6.793496409447484119e+00
-6.832241232812035214e+00
-6.876650306069820751e+00
-6.926776690588391183e+00
-6.982680951198653396e+00
-7.044431485921990088e+00
-7.112104905602628868e+00
-7.185786468289554918e+00
-7.265570574064606824e+00
-7.351561327000720958e+00
-7.443873172086290069e+00
-7.542631616302892361e+00
-7.647974044638443658e+00
-7.760050643709322848e+00
-7.879025447920679603e+00
-8.005077525797226201e+00
-8.138402327373070122e+00
-8.279213217471594888e+00
-8.427743224504917308e+00
-8.584247040294428643e+00
-8.749003313639622803e+00
-8.922317289305931709e+00
-9.104523855239179397e+00
-9.295991074771587037e+00
-9.497124298194028924e+00
-9.708370970445731274e+00
-9.930226280321218013e+00
-1.016323983356739191e+01
-1.040802358036871311e+01
-1.066526129093186448e+01
-1.093571995672656527e+01
-1.122026360732063566e+01
-1.151987018508320126e+01
-1.183565232905410625e+01
-1.188165784428806404e+01
-1.165179914578119913e+01
-1.143076545912962771e+01
-1.121824680920643225e+01
-1.101395533312005881e+01
-1.081762340304863734e+01
-1.062900195059224195e+01
-1.044785896766780908e+01
-1.027397816251724549e+01
-1.010715775238464786e+01
-9.947209376941126280e+00
-9.793957118674304851e+00
-9.647236618278826725e+00
-9.506894274636454867e+00
-9.372786520303163726e+00
-9.244779164561414575e+00
-9.122746797078066905e+00
-9.006572246056657960e+00
-8.896146085507270485e+00
-8.791366186895107404e+00
-8.692137310984184850e+00
-8.598370736177546547e+00
-8.509983920079905673e+00
-8.426900191381269778e+00
-8.349048469488296931e+00
-8.276363009619803535e+00
-8.208783171339295137e+00
-8.146253208725410033e+00
-8.088722080584163976e+00
-8.036143279288534558e+00
-7.988474676994117729e+00
-7.945678388126458991e+00
-7.907720647168916983e+00
-7.874571700901078941e+00
-7.846205714348642779e+00
-7.822600689807734931e+00
-7.803738398401368848e+00
-7.789604323714073963e+00
-7.780187617133898392e+00
-7.775481064610033854e+00
-7.775481064610033854e+00
-7.780187617133898392e+00
-7.789604323714073963e+00
-7.803738398401368848e+00
-7.822600689807734931e+00
-7.846205714348642779e+00
-7.874571700901078941e+00
-7.907720647168916983e+00
-7.945678388126458991e+00
-7.988474676994117729e+00
-8.036143279288534558e+00
-8.088722080584163976e+00
-8.146253208725410033e+00
-8.208783171339295137e+00
-8.276363009619801758e+00
-8.349048469488296931e+00
-8.426900191381269778e+00
-8.509983920079907449e+00
-8.598370736177546547e+00
-8.692137310984183074e+00
-8.791366186895107404e+00
-8.896146085507270485e+00
-9.006572246056656184e+00
-9.122746797078066905e+00
-9.244779164561414575e+00
-9.372786520303163726e+00
-9.506894274636454867e+00
-9.647236618278824949e+00
-9.793957118674304851e+00
-9.947209376941126280e+00
-1.010715775238464786e+01
-1.027397816251724372e+01
-1.044785896766780908e+01
-1.062900195059224195e+01
-1.081762340304863557e+01
-1.101395533312005703e+01
-1.121824680920643225e+01
-1.143076545912962594e+01
-1.165179914578119735e+01
-1.188165784428806049e+01
-1.192851754580684265e+01
-1.178811679485843911e+01
-1.165117894414058775e+01
-1.151774974474978741e+01
-1.138786764634788717e+01
-1.126156459970606427e+01
-1.113886678628695925e+01
-1.101979528046972945e+01
-1.090436664980875392e+01
-1.079259349845621863e+01
-1.068448495858881309e+01
-1.058004713437294342e+01
-1.047928350269119768e+01
-1.038219527454296554e+01
-1.028878172072966102e+01
-1.019904046514371565e+01
-1.011296774870334048e+01
-1.003055866671308571e+01
-9.951807382184966855e+00
-9.876707317426189903e+00
-9.805251325987313749e+00
-9.737431846868783936e+00
-9.673241042703104142e+00
-9.612670923464181172e+00
-9.555713457103154340e+00
-9.502360668370906538e+00
-9.452604726960005976e+00
-9.406438025982444273e+00
-9.363853251693159407e+00
-9.324843445271945086e+00
-9.289402057387370348e+00
-9.257522996184677666e+00
-9.229200669264630008e+00
-9.204430020151281866e+00
-9.183206559682815850e+00
-9.165526392700435565e+00
-9.151386240354998591e+00
-9.140783458299415187e+00
-9.133716050985773549e+00
-9.130182682239713188e+00
-9.130182682239713188e+00
-9.133716050985773549e+00
-9.140783458299415187e+00
-9.151386240354998591e+00
-9.165526392700435565e+00
-9.183206559682815850e+00
-9.204430020151280090e+00
-9.229200669264630008e+00
-9.257522996184677666e+00
-9.289402057387370348e+00
-9.324843445271945086e+00
-9.363853251693159407e+00
-9.406438025982444273e+00
-9.452604726960004200e+00
-9.502360668370906538e+00
-9.555713457103154340e+00
-9.612670923464181172e+00
-9.673241042703104142e+00
-9.737431846868783936e+00
-9.805251325987311972e+00
-9.876707317426189903e+00
-9.951807382184966855e+00
-1.003055866671308394e+01
-1.011296774870334048e+01
-1.019904046514371565e+01
-1.028878172072966102e+01
-1.038219527454296554e+01
-1.047928350269119591e+01
-1.058004713437294342e+01
-1.068448495858881309e+01
-1.079259349845621685e+01
-1.090436664980875214e+01
-1.101979528046972945e+01
-1.113886678628696103e+01
-1.126156459970606427e+01
-1.138786764634788717e+01
-1.151774974474978741e+01
-1.165117894414058775e+01
-1.178811679485843911e+01
-1.192851754580684265e+01
-1.197604549948495034e+01
-1.192845254050739534e+01
-1.188133567945175173e+01
-1.183475862926475664e+01
-1.178878288150128917e+01
-1.174346770549230889e+01
-1.169887015477324255e+01
-1.165504507998665851e+01
-1.161204514750679628e+01
-1.156992086307013778e+01
-1.152872059973478081e+01
-1.148849062953112998e+01
-1.144927515820685215e+01
-1.141111636250936456e+01
-1.137405442948910839e+01
-1.133812759734588127e+01
-1.130337219737848109e+01
-1.126982269663434089e+01
-1.123751174089071547e+01
-1.120647019763213059e+01
-1.117672719871998055e+01
-1.114831018247954297e+01
-1.112124493495706545e+01
-1.109555563012502866e+01
-1.107126486883721306e+01
-1.104839371635695677e+01
-1.102696173830184101e+01
-1.100698703486619934e+01
-1.098848627319948434e+01
-1.097147471783346262e+01
-1.095596625906480170e+01
-1.094197343921191923e+01
-1.092950747667586953e+01
-1.091857828774505457e+01
-1.090919450609236563e+01
-1.090136349992128650e+01
-1.089509138672477917e+01
-1.089038304562711623e+01
-1.088724212728474150e+01
-1.088567106132764373e+01
-1.088567106132764373e+01
-1.088724212728474150e+01
-1.089038304562711623e+01
-1.089509138672477917e+01
-1.090136349992128650e+01
-1.090919450609236563e+01
-1.091857828774505457e+01
-1.092950747667586953e+01
-1.094197343921191923e+01
-1.095596625906480170e+01
-1.097147471783346262e+01
-1.098848627319948434e+01
-1.100698703486619934e+01
-1.102696173830184101e+01
-1.104839371635695677e+01
-1.107126486883721306e+01
-1.109555563012502866e+01
-1.112124493495706723e+01
-1.114831018247954297e+01
-1.117672719871998055e+01
-1.120647019763213059e+01
-1.123751174089071547e+01
-1.126982269663434089e+01
-1.130337219737848109e+01
-1.133812759734588127e+01
-1.137405442948910839e+01
-1.141111636250936456e+01
-1.144927515820685215e+01
-1.148849062953112998e+01
-1.152872059973477903e+01
-1.156992086307013778e+01
-1.161204514750679628e+01
-1.165504507998665851e+01
-1.169887015477324255e+01
-1.174346770549230889e+01
-1.178878288150128917e+01
-1.183475862926475664e+01
-1.188133567945174995e+01
-1.192845254050739534e+01
-1.197604549948495034e+01
