3.234953703703703781e-06,2.314900735999999792e+00,3.192936122999999959e+00,6.486600300000000541e-02,4.422734959999999882e-01
1.014660879629629600e-07,1.851783476000000039e+00,1.790907491000000018e+00,5.689595199999999964e-02,2.928530109999999964e-01
1.165509259259259339e-06,2.307681650999999778e+00,3.304366223999999796e+00,8.541206099999999746e-02,3.571186129999999737e-01
4.797777777777778052e-06,1.478172572999999979e+01,1.354320610000000036e+00,1.732144039999999885e-01,6.254704380000000175e-01
1.498842592592592671e-05,1.332391037999999917e+01,2.049504726999999971e+00,6.137809899999999846e-02,4.261292780000000002e-01
3.503086805555555636e-07,1.558465970999999950e+00,2.109072747999999997e+00,1.547396169999999960e-01,4.142366160000000019e-01
1.080632754629629759e-06,1.452847978999999956e+00,7.000000000000000000e+00,5.837909599999999838e-02,3.479601749999999827e-01
2.469444444444444424e-06,6.350847950000000353e+00,1.578881081000000020e+00,1.990298179999999972e-01,4.825261339999999954e-01
7.453703703703704259e-07,1.184819373000000065e+00,3.733727172000000039e+00,3.616086599999999984e-02,3.943998340000000047e-01
1.154706828703703884e-06,1.712900606000000048e+00,1.694177411999999938e+00,8.205398999999999332e-02,4.350684060000000186e-01
1.747685185185185071e-06,2.941989406999999890e+00,2.609235917999999987e+00,3.144383800000000173e-02,3.365971520000000106e-01
2.939814814814814730e-06,3.961565724999999816e+00,1.721189647999999961e+00,4.155028000000000193e-02,3.835980749999999828e-01
5.399305555555555412e-06,2.172838345999999810e+00,1.334947566999999946e+00,0.000000000000000000e+00,5.905829009999999935e-01
3.807870370370370115e-06,5.654918686000000250e+00,1.692053266000000056e+00,5.034189399999999814e-02,4.173514879999999927e-01
8.819444444444444613e-06,5.883299313000000197e+00,2.789687978999999984e+00,4.438673700000000250e-02,3.773261989999999733e-01
1.331018518518518353e-07,1.112958915000000104e+00,2.027052508999999780e+00,1.937467690000000131e-01,3.604610089999999989e-01
3.587962962962962937e-05,3.409104442999999929e+00,2.061335163999999942e+00,2.375953199999999987e-02,4.152216930000000028e-01
1.002314814814814815e-05,8.858963699999999886e-01,1.712127101000000096e+00,3.956444399999999723e-02,3.727340290000000222e-01
1.420000000000000169e-06,8.731548799999999666e-02,5.839529963999999573e+00,2.925059899999999935e-01,5.043667469999999486e-01
1.409722222222222230e-06,3.429388733000000133e+00,2.088701627999999921e+00,1.030969719999999951e-01,4.159756159999999925e-01
3.402777777777777433e-06,1.294136229000000027e+00,2.445387981000000099e+00,8.976861999999999342e-02,3.978794279999999794e-01
1.531055555555555644e-05,1.634586922000000087e+01,1.439498699999999909e+00,7.968108100000000082e-02,5.358460369999999973e-01
3.576388888888888764e-06,2.853531666999999938e+00,3.275661675999999911e+00,3.392125800000000274e-02,3.348206739999999848e-01
4.579999999999999348e-06,2.076468651999999970e+00,1.438303681999999917e+00,2.030478350000000098e-01,3.885035869999999836e-01
3.084490740740740627e-06,2.979059099000000099e+00,2.174001096000000022e+00,6.050598900000000308e-02,4.501015300000000274e-01
2.839505787037037267e-07,2.860863122000000036e+00,1.572485268999999963e+00,5.114058300000000334e-02,3.493990209999999763e-01
2.633101851851852013e-06,1.572635618999999929e+00,3.929339660000000123e+00,4.275539099999999676e-02,3.662736609999999726e-01
5.084876157407407413e-07,1.742457943000000009e+00,1.917063168999999956e+00,1.335860600000000065e-01,3.251165400000000094e-01
9.583333333333333623e-06,3.355537430000000043e+00,6.631999702999999968e+00,2.788202500000000125e-02,3.509978919999999780e-01
1.365740740740740778e-06,1.864643915999999901e+00,3.022839526999999915e+00,2.434234799999999976e-02,3.201949820000000169e-01
6.365740740740740869e-08,1.776263796999999922e+00,1.581080886999999935e+00,1.177230469999999973e-01,3.511490030000000151e-01
3.598333333333333328e-06,2.056771589999999872e+00,1.797174915999999900e+00,1.416437530000000111e-01,6.830339850000000101e-01
1.141589467592592739e-06,1.418047258999999949e+00,5.897754660000000371e+00,7.578083300000000577e-02,3.998760630000000038e-01
5.758101851851851740e-06,4.112518618000000181e+00,3.847887542000000050e+00,4.680643100000000251e-02,3.578208259999999807e-01
1.168981481481481481e-06,1.188242027000000034e+00,2.787137475999999836e+00,5.616804200000000136e-02,3.784219799999999911e-01
4.085648148148147822e-06,1.703104269000000004e+00,2.284921171999999778e+00,2.086792100000000108e-02,3.462519720000000190e-01
2.337962962962962962e-06,2.695153322999999990e+00,2.304307001999999827e+00,3.235532599999999676e-02,3.879220310000000005e-01
6.012731481481481692e-06,3.135558473000000124e+00,3.549897560999999868e+00,3.002538500000000166e-02,3.738901579999999725e-01
3.020833333333333351e-06,2.726672337000000113e+00,3.382870667999999803e+00,6.653908899999999571e-02,3.786317459999999913e-01
3.078703703703703795e-06,1.005168210000000062e-01,2.033140602000000019e+00,0.000000000000000000e+00,5.886786360000000329e-01
3.651620370370370552e-06,3.451406389000000186e+00,4.385382091000000315e+00,3.369598499999999774e-02,3.991645489999999796e-01
1.603009259259259385e-05,1.159796854999999915e+01,1.662323787999999913e+00,4.399951299999999704e-02,4.883608669999999763e-01
5.324074074074074047e-06,4.026905783000000127e+00,2.865905053000000091e+00,2.174494500000000163e-02,3.584104240000000052e-01
1.458333333333333223e-07,2.620151911999999861e+00,2.260371822999999836e+00,2.064024710000000040e-01,3.534846770000000249e-01
8.825231481481482293e-06,3.441919754999999803e+00,3.884551687000000086e+00,5.998849199999999743e-02,4.102322640000000131e-01
8.518518518518519153e-07,2.696751025000000190e+00,2.013831371000000203e+00,8.827426700000000348e-02,3.168696380000000090e-01
2.737268518518518389e-06,4.993284438999999963e+00,1.418181611999999925e+00,4.691459299999999749e-02,3.506957689999999905e-01
4.756944444444445075e-07,1.648502125999999901e+00,2.041024793000000059e+00,1.403188639999999876e-01,3.753414780000000062e-01
1.520833333333333482e-05,8.020386781999999926e+01,1.687710580999999932e+00,2.845584799999999887e-02,5.949206630000000162e-01
7.916666666666666750e-07,1.509685720000000009e+00,1.589537114000000084e+00,3.386830500000000133e-02,4.293394950000000154e-01
6.712962962962963002e-08,1.408121514999999935e+00,1.407305615000000065e+00,1.321689050000000032e-01,3.556025620000000109e-01
6.949722222222222552e-06,1.742435366000000130e+01,1.610330054999999927e+00,1.455550780000000044e-01,7.093192350000000479e-01
7.152777777777777528e-06,3.787408584000000022e+00,3.602853366000000168e+00,4.933998700000000182e-02,4.566039530000000068e-01
2.893518518518518375e-06,3.751259768999999800e+00,1.651521610999999945e+00,5.250097900000000317e-02,5.068681250000000027e-01
6.342592592592592162e-06,2.358936577999999784e+00,5.396451807000000045e+00,2.372311499999999948e-02,4.355632360000000203e-01
4.058642361111111579e-07,2.077491606999999796e+00,1.778889334999999905e+00,4.049461599999999717e-02,2.922352850000000113e-01
9.837962962962962199e-08,1.042937822000000070e+00,1.319812508000000051e+00,1.918797599999999895e-02,4.752282729999999789e-01
2.436342592592592505e-06,1.609456044000000086e+00,4.939216156999999718e+00,4.801279199999999858e-02,4.312534949999999867e-01
1.008873495370370324e-06,3.725648066999999841e+00,1.946304712000000103e+00,1.321670369999999872e-01,3.640169240000000195e-01
2.214505787037036898e-07,2.816690667000000037e+00,1.828816196000000005e+00,1.627169350000000070e-01,3.678077579999999847e-01
8.443287037037037788e-06,5.506543750999999709e+00,2.920010367000000162e+00,4.211447299999999949e-02,3.831493120000000197e-01
9.378857638888888409e-07,6.289367009999999869e-01,1.339209666999999992e+00,0.000000000000000000e+00,2.150692660000000089e-01
5.781250000000000256e-05,2.190428296999999969e+00,3.378082007999999803e+00,5.813093000000000080e-03,3.158944779999999786e-01
4.687499999999999589e-07,1.960393806999999988e+00,2.721870179000000167e+00,1.875622660000000053e-01,4.421031850000000096e-01
4.437500000000000289e-06,6.497278399999999454e-01,1.439403616999999969e+00,9.903705000000000147e-02,3.584403709999999799e-01
1.250000000000000102e-06,1.481027343999999912e+00,2.904496470000000219e+00,4.851018499999999734e-02,3.727480759999999838e-01
8.024687500000000037e-08,4.422411620000000099e+00,1.358500261000000098e+00,1.776601399999999942e-01,3.366695180000000009e-01
1.076388888888889009e-07,4.408867727999999708e+00,1.738774146999999992e+00,2.901841470000000034e-01,3.988153349999999930e-01
1.225694444444444516e-05,1.072528337000000054e+00,1.337167510000000004e+00,0.000000000000000000e+00,7.129562139999999770e-01
3.425925925925926034e-06,1.798182610000000015e+00,7.000000000000000000e+00,3.953586399999999695e-02,3.770301910000000145e-01
3.576388888888888764e-06,3.277975301000000119e+00,2.463937769000000166e+00,3.228045899999999746e-02,3.533494839999999915e-01
3.229166666666666525e-06,2.615569982999999876e+00,3.686715222000000125e+00,3.286620800000000092e-02,3.212055679999999969e-01
8.368055555555555787e-07,1.305321857999999891e+00,3.605203072000000120e+00,4.825163700000000000e-02,3.559690930000000142e-01
4.415509259259259139e-06,2.470885652000000210e+00,3.867309613999999840e+00,5.785233399999999832e-02,4.350696780000000152e-01
1.409722222222222230e-06,1.848640454999999960e+00,3.805474858999999821e+00,3.654251499999999764e-02,3.256183879999999808e-01
1.093611111111111205e-06,2.720966831999999780e+00,1.546899556999999925e+00,1.120046789999999959e-01,5.331013439999999770e-01
4.714505787037036785e-07,1.393101219000000057e+00,1.901902551000000052e+00,5.796250900000000233e-02,3.363956180000000074e-01
1.100000000000000039e-04,4.254851685000000217e+00,2.361437296000000075e+00,7.839108999999999661e-02,4.412974709999999967e-01
4.525462962962963194e-06,2.909197627000000175e+00,4.127961790999999714e+00,4.249708600000000336e-02,3.625713480000000155e-01
3.140431712962962939e-07,2.390845667999999868e+00,2.303275999999999879e+00,1.686345300000000047e-01,3.219706609999999913e-01
5.594131944444444444e-08,1.339424088999999984e+00,1.658999840999999975e+00,1.454705430000000077e-01,3.152123099999999956e-01
2.550000000000000149e-06,7.790736900000000409e-02,7.000000000000000000e+00,3.437123879999999798e-01,4.705276689999999817e-01
4.415509259259259139e-06,2.265984089999999895e+00,4.974665170999999830e+00,6.750861800000000634e-02,4.486049790000000148e-01
5.549768518518518989e-06,2.323421134999999804e+00,6.819593039999999995e+00,3.280532199999999787e-02,3.959628720000000213e-01
1.056712962962962905e-05,3.751740551999999784e+00,2.708826578000000040e+00,5.578825400000000240e-02,5.074329720000000377e-01
5.248842592592592682e-06,2.545540563999999950e+00,6.249211455000000193e+00,4.697958199999999890e-02,4.317036530000000205e-01
1.521990740740740764e-06,2.489585844000000048e+00,3.734784402999999919e+00,7.151755099999999865e-02,3.691229659999999968e-01
2.120194444444444337e-05,2.382073279000000099e+01,1.410962845000000021e+00,9.320991600000000377e-02,5.636151870000000175e-01
6.591435185185185282e-06,3.277035794000000113e+00,4.479401205000000274e+00,5.970857000000000248e-02,4.457167980000000251e-01
4.189814814814815044e-06,2.206279376999999986e+00,5.029640676999999727e+00,3.421436499999999659e-02,3.572737080000000232e-01
8.344907407407407398e-06,2.493514065999999918e+00,7.000000000000000000e+00,4.445362299999999767e-02,4.605493669999999873e-01
2.523148148148148128e-05,1.480929216000000004e+01,1.984008865999999927e+00,2.239682000000000131e-02,4.314176909999999920e-01
5.092592592592592272e-06,3.111649687999999969e+00,3.529420254000000146e+00,4.621383099999999688e-02,4.211536519999999895e-01
1.524305555555555455e-06,1.518462916999999912e+00,4.226578221999999663e+00,4.892625099999999699e-02,3.570935949999999859e-01
2.546296296296296348e-07,1.155961183000000059e+00,1.529031191999999928e+00,7.309816900000000450e-02,4.386442669999999766e-01
4.033564814814814634e-06,1.838371156000000006e+00,4.392744107000000398e+00,3.716637700000000044e-02,4.255872399999999778e-01
3.240740740740740614e-06,2.680174086000000067e+00,3.006443549000000104e+00,4.962210000000000232e-02,4.215650189999999853e-01
5.555555555555555451e-08,2.713679587000000115e+00,2.136312267000000098e+00,3.598155199999999998e-01,4.084698889999999749e-01
3.420138888888888778e-06,1.786650625000000048e+00,4.699625252999999780e+00,3.745729999999999893e-02,3.495330099999999773e-01
8.101851851851851534e-08,9.347299519999999751e-01,2.273971320999999879e+00,2.743081769999999864e-01,3.615527769999999919e-01
5.931712962962962647e-06,2.366877366000000205e+00,4.562280188999999986e+00,2.552894400000000133e-02,4.049545430000000001e-01
7.303240740740741105e-06,9.945127809999999569e-01,1.583891429999999989e+00,3.803764600000000135e-02,3.955018539999999860e-01
3.587962962962963144e-08,1.454001504999999916e+00,1.649687772000000052e+00,5.866818900000000253e-02,3.737680059999999860e-01
1.996527777777777979e-06,1.713246633000000019e+00,4.309030642999999827e+00,4.385020800000000163e-02,4.081829350000000245e-01
2.716388888888888951e-06,3.509193135999999935e+00,1.307006882999999897e+00,4.549999999999999984e-20,4.932993050000000212e-01
1.631944444444444396e-06,2.033238435999999982e+00,1.645880878999999908e+00,5.554292400000000046e-02,4.772141189999999922e-01
9.413576388888888569e-08,1.445581763999999936e+00,1.768060509999999974e+00,1.648521179999999919e-01,3.740509309999999754e-01
1.701388888888888981e-07,2.233780256000000186e+00,1.646951014000000102e+00,1.187232319999999980e-01,3.556261139999999932e-01
1.420000000000000169e-06,8.211623876999999183e+00,1.307880450999999944e+00,0.000000000000000000e+00,4.354581989999999903e-01
2.777777777777777726e-08,1.678175508999999899e+00,1.363864656999999925e+00,1.291953289999999976e-01,3.968176589999999893e-01
6.012731481481481692e-06,1.975962669000000060e+00,5.871083507999999895e+00,4.098780999999999952e-02,3.952153609999999873e-01
3.240740740740741011e-08,2.628811783999999818e+00,1.418360132000000107e+00,1.778040120000000113e-01,3.580301940000000238e-01
2.696759259259259290e-06,2.299929114999999857e+00,3.129703228999999975e+00,8.736930199999999591e-02,3.890280649999999785e-01
3.535879629629629665e-06,1.370957178999999915e+00,6.564386307000000365e+00,2.574165800000000059e-02,3.799130549999999995e-01
2.112268518518518443e-06,1.799953836000000029e+00,3.808872301000000071e+00,5.536966000000000110e-02,3.651632490000000231e-01
6.278935185185185310e-06,4.451670466999999576e+00,1.989387060000000096e+00,5.989692700000000258e-02,4.958619329999999770e-01
1.614583333333333262e-06,7.701105689999999671e-01,1.533266428999999986e+00,0.000000000000000000e+00,8.685288260000000315e-01
3.501157407407407229e-05,9.218267359999999799e-01,1.502692281999999935e+00,0.000000000000000000e+00,9.067401899999999459e-01
3.078703703703703795e-06,3.232853587000000140e+00,2.392858084999999857e+00,4.960872699999999830e-02,4.272897299999999787e-01
4.965277777777777550e-05,4.200579374000000143e+00,1.626540947000000070e+00,1.791347299999999920e-02,5.022003539999999600e-01
1.371527777777777822e-06,2.644656311999999954e+00,2.138050227999999997e+00,7.844441200000000503e-02,3.662710310000000247e-01
2.916666666666666552e-06,2.987875317999999947e+00,3.373005725000000066e+00,5.562905900000000153e-02,3.847900690000000123e-01
1.647376157407407238e-07,2.174745987000000103e+00,1.523095780000000010e+00,9.820642799999999839e-02,3.571568760000000120e-01
7.986111111111111706e-07,1.899149419000000005e+00,2.747634498000000036e+00,3.796371999999999941e-02,3.825160180000000132e-01
3.973761574074074270e-08,1.232600667000000039e+00,1.441312034999999936e+00,1.611384869999999969e-01,3.440526130000000071e-01
7.811342592592591949e-05,5.247720439999999931e-01,1.433631848000000097e+00,5.168767500000000237e-02,3.759626609999999758e-01
2.511574074074073870e-06,1.534548612999999895e+00,4.445226152000000042e+00,6.365535199999999838e-02,3.794420780000000160e-01
2.760416666666666990e-06,2.287307328999999889e+00,3.924423620999999862e+00,5.786589100000000263e-02,3.852789939999999858e-01
1.394675925925926000e-06,1.517711682999999923e+00,4.113032161999999659e+00,3.196105199999999674e-02,3.610492140000000072e-01
6.689814814814814825e-06,2.453974317000000127e+00,3.875690221999999796e+00,8.727458700000000069e-02,4.752731069999999725e-01
1.342592592592592600e-06,1.603267334000000099e+00,3.827875206999999946e+00,3.428865300000000227e-02,3.517323119999999914e-01
1.302083333333333417e-05,6.100330694000000165e+00,3.479819142999999837e+00,2.740977299999999839e-02,4.128422429999999976e-01
4.033564814814814634e-06,2.186499652000000182e+00,4.285976633999999841e+00,2.863657799999999934e-02,3.474249150000000008e-01
2.870370370370370621e-06,2.114705384000000077e+00,3.917483967999999983e+00,5.657743099999999747e-02,3.927326769999999745e-01
4.374999999999999617e-06,3.324777826000000047e+00,3.029890984000000120e+00,3.292081399999999963e-02,3.881622310000000242e-01
3.503086805555555636e-07,2.398026361999999967e+00,1.851596181999999979e+00,1.276810449999999930e-01,3.703769470000000119e-01
6.455833333333333497e-06,1.407987411999999949e+01,1.334085250000000000e+00,9.059562399999999960e-02,5.951086719999999497e-01
1.251929398148148128e-06,2.114428726999999952e+00,2.282329550000000040e+00,5.285664100000000282e-02,3.769438390000000028e-01
5.023148148148147739e-06,2.452160815000000049e+00,4.311175388999999747e+00,4.198347000000000190e-02,3.486967790000000122e-01
2.094907407407407575e-07,1.689001275000000080e+00,1.374599651999999894e+00,0.000000000000000000e+00,3.825290270000000215e-01
4.641203703703704081e-06,2.205410478000000118e+00,4.709595406000000040e+00,2.410651999999999934e-02,3.759152840000000162e-01
2.129629629629629365e-06,2.628920771000000212e+00,2.636256753000000064e+00,6.882353600000000460e-02,3.528053389999999956e-01
8.140428240740741189e-08,3.685289090000000156e-01,1.622063460999999984e+00,1.061194200000000060e-01,3.728011889999999773e-01
5.787037037037037094e-08,8.585437999999999681e-01,5.678640635999999908e+00,2.765721609999999830e-01,3.585468929999999776e-01
5.671296296296297133e-07,3.611930298999999955e+00,1.743114980999999952e+00,1.049137720000000024e-01,3.501813839999999844e-01
9.734953703703704228e-06,4.756168471999999703e+00,2.192209736000000131e+00,1.973434799999999878e-02,3.449783000000000155e-01
1.747685185185185071e-06,1.083465756000000058e+00,1.385938757999999993e+00,0.000000000000000000e+00,4.769548299999999963e-01
1.693333333333333356e-06,3.660894825999999824e+00,1.615113129999999897e+00,1.835665390000000008e-01,4.109116050000000131e-01
1.712962962962963017e-06,1.874821649000000034e+00,3.355340769000000112e+00,7.347459200000000523e-02,4.072333920000000274e-01
1.030092592592592548e-07,1.227068846999999963e+00,1.957179647000000022e+00,8.031972399999999512e-02,3.615884220000000204e-01
1.043209837962962985e-06,2.059334241999999815e+00,3.782455856999999977e+00,4.841490500000000113e-02,3.453450659999999783e-01
2.488425925925926116e-06,2.659874503000000168e+00,3.278907302999999995e+00,6.544524599999999859e-02,4.307256749999999745e-01
1.177855324074074003e-06,3.265500655999999946e+00,1.382879490000000100e+00,8.521390000000000214e-03,3.961665600000000009e-01
1.597222222222222341e-06,4.554444043000000164e+00,2.376710858000000037e+00,6.974241200000000362e-02,3.142577790000000149e-01
3.148148148148147904e-06,2.211530098999999971e+00,1.878851926999999922e+00,4.310855599999999926e-02,3.662273509999999788e-01
1.296296296296296245e-06,1.926755930999999977e+00,3.587718493000000120e+00,4.712837899999999802e-02,3.948190449999999796e-01
3.807870370370370115e-06,2.520400346999999819e+00,6.236429439000000130e+00,4.541746499999999714e-02,3.596203190000000216e-01
1.753472222222222116e-05,6.339915119999999682e+00,1.856939801000000001e+00,2.971558499999999922e-02,4.538059440000000166e-01
1.065200578703703711e-06,1.155400844000000093e+00,3.295152415000000001e+00,2.835789500000000102e-02,3.892440369999999872e-01
2.170138888888888887e-06,2.335281970000000040e+00,3.080547074000000052e+00,2.837112799999999893e-02,3.136824189999999901e-01
4.108796296296296211e-07,2.117234418999999868e+00,1.793978225000000037e+00,4.632107600000000269e-02,3.793035399999999946e-01
6.570216435185184919e-07,2.256533301999999797e+00,1.527965843000000046e+00,3.057431480000000201e-01,4.092914710000000178e-01
1.851851851851852082e-07,1.475219457999999983e+00,1.969257134000000020e+00,1.360017619999999983e-01,4.093369629999999981e-01
4.565972222222222716e-06,2.260928214000000214e+00,5.323690934000000041e+00,3.348445800000000167e-02,4.331208069999999966e-01
7.912809027777778578e-07,3.091428296000000131e+00,2.020046905000000059e+00,8.141798599999999775e-02,3.759898349999999945e-01
4.641203703703704081e-06,1.952380014999999913e+00,7.000000000000000000e+00,2.769058900000000156e-02,4.380051320000000192e-01
2.210648148148147986e-05,5.717749292999999788e+00,1.799294173000000052e+00,7.958935100000000262e-02,4.340274709999999980e-01
1.027199074074074127e-05,4.140433805999999883e+00,5.137377445000000264e+00,3.630024500000000182e-02,4.189382970000000150e-01
1.104938310185185176e-06,2.921837314999999879e+00,1.803538265999999890e+00,9.177418499999999424e-02,4.379817670000000218e-01
2.585648148148148224e-04,3.929988799999999838e+00,3.846326887000000028e+00,3.574530800000000341e-02,3.622200079999999822e-01
6.342592592592592162e-05,3.637055160000000065e-01,1.976340237000000055e+00,8.488363799999999737e-02,3.901917089999999977e-01
6.388888888888889364e-06,2.486954786000000084e+00,4.960039427999999972e+00,2.450853600000000090e-02,3.933726989999999923e-01
1.414638888888888836e-05,3.224702821999999802e+00,1.868697746999999909e+00,9.600129599999999985e-02,5.874860259999999945e-01
3.194444444444444682e-06,2.175442336999999782e+00,1.394319949000000003e+00,4.409739000000000193e-03,5.221182629999999714e-01
8.142361111111110633e-06,3.358272551000000217e+00,3.346236472000000184e+00,4.551297700000000307e-02,3.958002589999999876e-01
1.284722222222222157e-06,3.513033496999999894e+00,1.753277130999999933e+00,5.535155199999999831e-02,3.985522389999999748e-01
2.696759259259259290e-06,2.782103638999999795e+00,2.960907986000000047e+00,2.705445100000000019e-02,3.203047869999999797e-01
1.736111111111111194e-07,2.334005088000000061e+00,2.289448719000000132e+00,2.995984749999999752e-01,4.123287279999999777e-01
9.282407407407408163e-06,4.577570241000000095e+00,2.477278411999999985e+00,3.703497900000000259e-02,4.246071989999999907e-01
6.087962962962963057e-06,7.969668890000000117e-01,1.360539933000000090e+00,0.000000000000000000e+00,5.810711509999999524e-01
5.972222222222222170e-06,5.368406404999999992e+00,1.778289043000000014e+00,4.919281899999999874e-02,4.071127589999999907e-01
2.200000000000000282e-05,2.234173794000000157e+00,1.819378973999999927e+00,9.067836999999999426e-02,4.593330549999999901e-01
3.726851851851852129e-07,1.944101861000000042e+00,2.597517965999999845e+00,8.899654599999999582e-02,3.678683349999999908e-01
3.182870370370370170e-07,2.057753781999999987e+01,1.637158770999999957e+00,2.820103299999999757e-01,5.986863510000000055e-01
4.722222222222222279e-06,3.097183575999999938e+00,2.737372581999999888e+00,3.600536199999999909e-02,3.627541830000000078e-01
6.018518518518518694e-05,3.003182610000000086e+00,2.478770475999999778e+00,6.111374199999999868e-02,4.248468859999999792e-01
1.331018518518518512e-06,2.156323804999999982e+00,3.077609010999999839e+00,3.672473099999999657e-02,3.560345440000000083e-01
3.657407407407407385e-06,3.992725923000000066e+00,1.806293434000000087e+00,6.794875300000000062e-02,4.232381689999999974e-01
1.178240740740740667e-06,1.308262481999999949e+00,5.886699729000000048e+00,3.491988499999999773e-02,3.593850749999999983e-01
4.310000000000000239e-06,8.298564899999999467e-02,7.000000000000000000e+00,3.113110709999999948e-01,4.320795210000000219e-01
2.054398148148148000e-06,1.394169650000000038e+00,7.000000000000000000e+00,4.190567099999999851e-02,3.648983140000000014e-01
9.297835648148147417e-08,1.088588273000000051e+00,1.399963893000000015e+00,1.493823629999999902e-01,3.978589240000000027e-01
3.391203703703703767e-06,2.134360966000000026e+00,5.434566363000000067e+00,3.237751600000000202e-02,3.704469519999999960e-01
4.033564814814814634e-06,2.404737726000000020e+00,4.530932159999999875e+00,3.948108899999999699e-02,3.804420539999999740e-01
1.516203703703703720e-06,1.335690499000000031e+00,7.000000000000000000e+00,5.399783200000000255e-02,3.900266059999999979e-01
2.702546296296296546e-06,1.884565086999999917e+00,3.549784185000000036e+00,5.359619100000000136e-02,4.189957710000000168e-01
1.126157407407407437e-05,1.333288892999999975e+00,1.319526804999999969e+00,0.000000000000000000e+00,5.436852110000000016e-01
2.806712962962962921e-06,2.968784631000000118e+00,1.858463178999999910e+00,8.764613799999999844e-02,4.921817499999999734e-01
1.049768518518518452e-06,2.905295410999999994e+00,2.065740685000000187e+00,8.382871499999999809e-02,3.467771270000000183e-01
1.100694444444444400e-06,4.034170890999999592e+00,1.606056294000000051e+00,9.617459700000000056e-02,4.348434800000000044e-01
6.597222222222222115e-06,1.830213605999999871e+01,1.502679357000000104e+00,2.301809900000000020e-02,4.629078660000000012e-01
1.237653935185185227e-06,1.258584214000000090e+00,2.426217262999999846e+00,2.114762099999999839e-02,4.064432450000000085e-01
3.598333333333333328e-06,9.640897950999999466e+01,1.353923981000000110e+00,1.451524750000000030e-01,5.614742619999999462e-01
1.903935185185185058e-06,2.081960850999999835e+00,4.270154112000000168e+00,4.956043799999999833e-02,4.073108149999999927e-01
2.187499999999999978e-05,5.332188676000000349e+00,3.285633154000000111e+00,3.563427400000000050e-02,4.392864980000000252e-01
7.206790509259258741e-07,1.594977510000000098e+00,3.974191400000000041e+00,5.740540300000000068e-02,3.742456290000000241e-01
1.027392013888888908e-06,1.366887431000000097e+00,3.532475503000000128e+00,4.264407499999999657e-02,3.722329409999999839e-01
3.391203703703703767e-06,2.392372868999999902e+00,2.794168936000000159e+00,4.161452799999999785e-02,3.868300570000000049e-01
7.916666666666666538e-06,3.409266800000000153e+00,3.391329427000000063e+00,3.205125999999999808e-02,3.729480390000000090e-01
3.414351851851851521e-05,3.266067098000000168e+00,1.496502527999999943e+00,2.296098050000000002e-01,5.761895049999999907e-01
1.932870370370370279e-06,2.108070149000000004e+00,3.830152448999999848e+00,7.767949400000000171e-02,4.517193039999999882e-01
5.699999999999999772e-04,7.096075337000000260e+00,1.988125638999999945e+00,3.566055499999999656e-02,2.864913530000000041e-01
1.857638888888888914e-06,1.707727991999999917e+00,3.031483333000000169e+00,5.404915400000000203e-02,3.964213930000000108e-01
1.131944444444444312e-06,1.594023363000000026e+00,3.264377838999999781e+00,4.949353599999999770e-02,4.140190029999999966e-01
3.854166666666666047e-06,2.931300427000000042e+00,2.959793636000000117e+00,6.532491599999999676e-02,3.896365130000000176e-01
3.883101851851851904e-06,2.374738173999999979e+00,1.852467062999999969e+00,3.791790200000000333e-02,4.902896019999999910e-01
3.969907407407407358e-07,3.665210620999999946e+00,1.912200906999999894e+00,1.120389269999999965e-01,3.554469459999999859e-01
7.102623842592592366e-07,2.911932977999999839e+00,2.879985119000000093e+00,5.620271300000000136e-02,3.630611910000000053e-01
5.385802083333333086e-07,1.411972427999999891e+00,2.982722682999999986e+00,1.040163790000000060e-01,3.444551980000000180e-01
1.049383101851851813e-07,2.253725812999999967e+00,1.923448720999999972e+00,1.103910580000000002e-01,3.388848870000000235e-01
1.170138888888888890e-05,6.205705413999999642e+00,3.868337910999999796e+00,3.796500299999999717e-02,4.098883750000000270e-01
9.056712962962962373e-06,3.044212276000000106e+00,7.000000000000000000e+00,3.030017000000000127e-02,3.843144740000000170e-01
1.701388888888888981e-07,5.007677800999999818e+00,1.651572438999999948e+00,1.728214130000000071e-01,3.814020810000000039e-01
3.194444444444444682e-06,3.464854422999999795e+00,3.100723372000000033e+00,3.440324300000000002e-02,4.008535500000000029e-01
5.173611111111111317e-06,1.862626611000000043e+00,4.864971414000000216e+00,2.957384299999999897e-02,3.922665350000000273e-01
3.807870370370370539e-07,2.143190048000000125e+00,2.601278691000000087e+00,1.055533490000000046e-01,3.487336019999999759e-01
5.937499999999999480e-06,3.727627721999999810e+00,3.987377566999999789e+00,4.132131099999999946e-02,3.515314640000000157e-01
3.576388888888888764e-06,4.126260212000000038e+00,1.984999549000000085e+00,5.397981000000000307e-02,3.977790680000000134e-01
1.481481481481481665e-06,2.344986704000000088e+00,2.992067161000000031e+00,8.660997500000000571e-02,3.599584980000000156e-01
3.043981481481481529e-06,1.704699533000000100e+00,4.284157084000000282e+00,5.822805500000000078e-02,4.652598709999999915e-01
2.511574074074073870e-06,1.756893521999999930e+00,3.873177762000000079e+00,2.345123500000000083e-02,3.591190419999999994e-01
4.565972222222222716e-06,2.192973949000000200e+00,5.472792917999999673e+00,4.209634599999999977e-02,4.090012379999999892e-01
2.471064814814814771e-06,1.552729623000000059e+00,2.548137527999999818e+00,5.484468700000000307e-02,4.866364300000000087e-01
1.431327546296296292e-07,2.229059131000000082e+00,2.070787306000000161e+00,1.534761309999999879e-01,3.367540860000000080e-01
7.916666666666666538e-06,4.650726780000000282e+00,2.998862381999999993e+00,3.857315900000000269e-02,4.038173529999999900e-01
3.742280092592592627e-08,3.762481590000000264e-01,2.154897361000000178e+00,3.201974670000000134e-01,4.451738840000000197e-01
8.707561342592593167e-07,1.736063976000000064e+00,2.219254337999999827e+00,3.653800199999999998e-02,4.312140700000000049e-01
9.131944444444445433e-06,2.438771766999999979e+00,5.367637503000000088e+00,4.512378999999999696e-02,3.812798270000000156e-01
4.490740740740740504e-06,3.333215936999999851e+00,3.046281158000000211e+00,1.660355999999999985e-02,3.277584170000000241e-01
2.191357638888888933e-07,1.932891195999999923e+00,2.170742778000000150e+00,1.288387779999999871e-01,3.606278290000000109e-01
4.841820601851852185e-07,2.926090042999999863e+00,1.726829646999999968e+00,1.299542409999999981e-01,3.331579069999999754e-01
3.223379629629629692e-06,4.434362491999999989e+00,2.526947381999999909e+00,4.347014700000000065e-02,3.686860980000000176e-01
1.975555555555555370e-06,2.794838599000000201e+00,1.300945875000000029e+00,0.000000000000000000e+00,4.843051820000000007e-01
6.018518518518518736e-08,1.195826875000000067e+00,1.522191617999999913e+00,1.280471340000000069e-01,3.989824969999999915e-01
2.887731481481481542e-06,2.170627543999999798e+00,3.445079905000000053e+00,5.180993099999999657e-02,3.340998020000000013e-01
1.399999999999999877e-04,2.282919799999999846e-02,1.846217686999999996e+00,0.000000000000000000e+00,3.281165280000000184e-01
2.309027777777777528e-06,2.505062187000000051e+00,2.040604913000000131e+00,4.813210200000000299e-02,3.523150219999999777e-01
1.408179398148148062e-07,6.718652779999999547e-01,1.362683153999999952e+00,3.348140090000000235e-01,5.039973909999999613e-01
9.016203703703703698e-06,3.616799589000000203e+00,4.593850596000000230e+00,3.288511000000000212e-02,3.656401040000000213e-01
1.057098379629629612e-07,2.824530659000000110e+00,1.649793926999999938e+00,1.029498009999999936e-01,3.470027350000000066e-01
5.920000000000000071e-07,5.821389800000000003e-02,3.484398548999999790e+00,1.851736170000000126e-01,3.561615850000000028e-01
1.824846064814814886e-07,1.584689406000000078e+00,1.860715200000000014e+00,1.156071310000000019e-01,3.906075889999999773e-01
4.716435185185185446e-06,3.421836809999999840e+00,3.121970789000000135e+00,7.369712600000000169e-02,4.265592329999999821e-01
4.756944444444445075e-07,3.501677270000000064e+00,1.693757366000000042e+00,1.984239429999999915e-01,3.490474450000000117e-01
2.091049768518518609e-07,1.625631164000000073e+00,1.347257152000000069e+00,2.583457899999999988e-02,4.393820990000000259e-01
1.868055555555555552e-06,2.457522253000000045e+00,1.792613081000000053e+00,5.069734000000000046e-02,4.507675879999999968e-01
4.265046296296296409e-06,2.459750118000000096e+00,5.118815740999999697e+00,3.893102400000000157e-02,3.271765229999999969e-01
2.204861111111111153e-06,1.479868745000000096e+00,1.883476935000000019e+00,5.861796799999999946e-02,3.624780340000000045e-01
8.599537037037036503e-06,3.766396857000000153e+00,3.740185991999999793e+00,2.955120400000000105e-02,4.020252300000000112e-01
2.087190972222222293e-07,2.657426888999999903e+00,2.491306128000000175e+00,6.056049799999999733e-02,3.010853609999999958e-01
1.593364583333333376e-07,2.890619357999999917e+00,1.858040166999999965e+00,3.004835399999999934e-01,3.717151189999999827e-01
3.883101851851851904e-06,2.903128328999999841e+00,3.881431360000000108e+00,3.974490299999999809e-02,3.465428460000000155e-01
8.101851851851851534e-08,1.437983581999999982e+00,1.647760491999999966e+00,4.502006800000000336e-02,3.523620020000000075e-01
4.641203703703704081e-06,2.141265039999999953e+00,2.305454740000000058e+00,7.243934800000000063e-02,4.649183780000000210e-01
1.217592592592592527e-06,1.425006395000000037e+00,1.370763261000000011e+00,1.995546159999999902e-01,3.616554289999999727e-01
1.371142361111111158e-06,3.994929824000000185e+00,1.871927890000000039e+00,8.902678199999999875e-02,4.141207980000000122e-01
2.384259259259259529e-07,6.827090143999999583e+00,1.492442441999999980e+00,2.338302710000000062e-01,3.939401699999999784e-01
8.082561342592592799e-07,1.116748706999999952e+00,6.993941952000000128e+00,5.883920799999999701e-02,3.435282439999999826e-01
4.189814814814815044e-06,3.033350451000000003e+00,2.918201537999999928e+00,4.051542799999999916e-02,3.650663780000000247e-01
9.606481481481481218e-08,9.924725429999999848e-01,3.810109755000000042e+00,2.480732549999999925e-01,3.040771340000000267e-01
1.064814814814814682e-06,3.316783835999999930e+00,1.820479200000000075e+00,8.860422900000000657e-02,3.876123859999999754e-01
1.400462962962963044e-07,7.919514309999999835e-01,1.429855008000000094e+00,0.000000000000000000e+00,5.460353239999999886e-01
1.046296296296296098e-06,1.736337100000000078e+00,3.141247546999999862e+00,6.411427699999999730e-02,4.065202609999999939e-01
2.228009259259259331e-05,1.999593956000000006e+01,1.720675213999999897e+00,2.490157499999999871e-02,4.602985159999999909e-01
7.608024305555555795e-07,1.546458828000000008e+00,2.500032889999999952e+00,3.508013799999999682e-02,3.596472669999999927e-01
3.420138888888888778e-06,4.850138477999999864e+00,2.080121184999999873e+00,5.055683300000000241e-02,3.475517229999999791e-01
1.736111111111111110e-05,9.183480152999999291e+01,1.360773350000000104e+00,1.017621940000000003e-01,4.678858920000000254e-01
1.707175925925925972e-06,2.967627225999999840e+00,2.303912355000000023e+00,4.213331599999999705e-02,4.026767660000000193e-01
5.706018518518518552e-07,1.093135229000000042e+00,5.230833445000000026e+00,4.985777599999999948e-02,2.964549040000000191e-01
1.250000000000000102e-06,8.189434070000000121e-01,4.504836727999999901e+00,3.627348229999999840e-01,3.801037449999999929e-01
2.152777777777778019e-07,1.683591298000000069e+00,2.018050867999999998e+00,9.478138299999999683e-02,3.349364409999999737e-01
1.253472222222222244e-06,1.565256768000000021e+00,5.288523032999999707e+00,6.343536700000000639e-02,3.948131120000000216e-01
2.256944444444444341e-06,2.708845978999999904e+00,3.338397835999999952e+00,5.438477800000000167e-02,3.179347379999999945e-01
9.413576388888888569e-08,1.901758293999999960e+00,1.494929777000000071e+00,1.454465189999999963e-01,3.994341459999999899e-01
4.259259259259259576e-07,1.956823615000000016e+00,1.418555076000000081e+00,0.000000000000000000e+00,5.110942440000000309e-01
1.571373842592592596e-06,1.673730817999999898e+00,1.520466936999999907e+00,6.069467099999999865e-02,4.410217450000000206e-01
4.374999999999999617e-06,2.433838070000000187e+00,4.692681096000000274e+00,3.018801299999999965e-02,3.462409029999999888e-01
3.929999999999999981e-05,3.688509375999999840e+00,1.405704437999999890e+00,2.726990500000000053e-02,3.531379900000000127e-01
5.023148148148147739e-06,2.392561329999999931e+00,6.811936120000000372e+00,2.817011800000000094e-02,3.772952880000000064e-01
2.002314814814814812e-06,2.149114491000000182e+00,2.798226624999999856e+00,4.220929600000000032e-02,3.558747130000000092e-01
2.633101851851852013e-06,2.387129190000000012e+00,3.095478104000000119e+00,5.882786799999999844e-02,3.945195349999999768e-01
1.874999999999999836e-05,5.994390404999999866e+00,1.806956261999999924e+00,7.817396499999999804e-02,4.838176909999999942e-01
4.334490740740740941e-06,2.620901409000000015e+00,3.875402404999999995e+00,4.239967000000000041e-02,4.257935460000000227e-01
4.166666666666666258e-08,2.858087320000000098e-01,2.501014119999999785e+00,3.236281480000000044e-01,4.283014299999999830e-01
4.872685185185185009e-06,6.678972933999999917e+00,1.883712043000000058e+00,3.128677800000000120e-02,4.216244270000000238e-01
6.404320601851852048e-07,1.907558000000000087e+00,2.574290786999999803e+00,6.031499700000000214e-02,3.580259949999999858e-01
2.164351851851851631e-06,2.377696008000000027e+00,3.260815067999999872e+00,4.764802900000000146e-02,3.465398880000000181e-01
4.866898148148148177e-06,3.390212068999999939e+00,2.921320888999999976e+00,4.360616600000000176e-02,3.862009259999999999e-01
2.418981481481481477e-07,1.931353168000000009e+00,1.987665070999999894e+00,1.042382439999999938e-01,3.162531490000000112e-01
7.459490740740740668e-06,3.536386597999999992e+00,3.424470907999999980e+00,6.021678500000000184e-02,3.701433639999999747e-01
3.020833333333333351e-07,3.939240206000000022e+00,1.553927920000000018e+00,1.824108429999999892e-01,3.757943049999999952e-01
2.407407407407407495e-06,2.277266288999999944e+00,2.850750924000000186e+00,3.331363600000000064e-02,3.468831410000000059e-01
1.609999999999999991e-07,8.341951060000000195e-01,1.376058647000000024e+00,3.204721059999999788e-01,5.334459950000000061e-01
3.802083333333333706e-06,4.380248693999999610e+00,1.764070250000000062e+00,1.197801309999999980e-01,5.581491229999999693e-01
1.105324074074074205e-06,1.770931607000000074e+00,1.840925920999999965e+00,9.355424099999999632e-02,3.125662670000000087e-01
4.359571759259258907e-08,1.054600715000000077e+00,1.586663653000000007e+00,1.239455009999999996e-01,3.140500339999999779e-01
2.010833333333333280e-06,5.785389620000000122e+00,1.423249707999999947e+00,8.710252300000000114e-02,4.500251430000000163e-01
3.935185185185185277e-08,7.815291319999999597e-01,7.000000000000000000e+00,2.352015679999999997e-01,3.342012639999999979e-01
2.094907407407407522e-06,1.720961377999999931e+00,3.750823007000000153e+00,3.372449300000000122e-02,3.828870970000000096e-01
2.777777777777777726e-08,2.311749944999999862e+00,2.016003267999999959e+00,2.333664480000000041e-01,3.705126890000000062e-01
2.939814814814814730e-06,2.141598632000000002e+00,3.049465286999999858e+00,4.054777300000000223e-02,3.390048279999999803e-01
5.706018518518518552e-06,3.110173903999999823e+00,3.685630735999999796e+00,4.764817300000000200e-02,3.841051260000000189e-01
9.131944444444443950e-07,2.341564447000000104e+00,2.172308194000000192e+00,4.735912700000000086e-02,3.705900460000000063e-01
3.726851851851852341e-06,2.926278185000000143e+00,2.437682198000000078e+00,8.256832799999999639e-02,4.273355850000000178e-01
2.934027777777777897e-06,1.788114925999999993e+00,4.268712379000000112e+00,3.532746700000000128e-02,4.153432910000000033e-01
4.334490740740740941e-06,3.131457866999999951e+00,3.184829990999999971e+00,5.529712400000000305e-02,3.928887959999999846e-01
1.481666666666666739e-06,1.495044874000000057e+01,1.491396450000000096e+00,2.014610629999999958e-01,6.116739540000000197e-01
3.269675925925926047e-06,2.088510385000000191e+00,6.279331913000000043e+00,3.659764399999999862e-02,4.161610319999999863e-01
2.395833333333333406e-06,2.097529381999999831e+00,4.243723583999999605e+00,4.342345899999999759e-02,3.797006760000000147e-01
7.609953703703703398e-06,3.511703530000000129e+00,3.554169046000000165e+00,3.107879100000000144e-02,4.371604900000000127e-01
3.755787037037037351e-06,3.141677720000000118e+00,3.899657813999999778e+00,4.313937899999999853e-02,3.888976849999999930e-01
3.501157407407407399e-06,1.829186747999999918e+00,4.263444239000000024e+00,2.842314500000000035e-02,3.967132509999999890e-01
4.918981481481481364e-06,2.362100986999999819e+00,5.572056422000000175e+00,3.229027799999999865e-02,4.190529040000000038e-01
5.077160879629630012e-07,3.431610834999999859e+00,1.563777163999999997e+00,9.390493099999999704e-02,3.420110510000000104e-01
1.675925925925926060e-06,2.322374261999999856e+00,3.143152570999999895e+00,4.052780799999999850e-02,3.106292789999999804e-01
1.516203703703703667e-07,3.353172906999999814e+00,1.692298671000000088e+00,1.906618740000000090e-01,3.645860229999999813e-01
1.111111111111111090e-07,2.946627997000000221e+00,1.544802320999999923e+00,6.655310000000000392e-02,3.535259780000000185e-01
7.835648148148149187e-06,3.075613650000000199e+00,3.758620016000000064e+00,7.177662599999999615e-02,4.785673200000000183e-01
4.895833333333333187e-06,2.528900704999999860e+00,3.601402730999999857e+00,3.526691800000000127e-02,3.562419809999999853e-01
3.234953703703703781e-06,2.229417607999999884e+00,4.154359820999999897e+00,4.154919199999999868e-02,3.866868290000000097e-01
6.220000000000000110e-08,1.582722609999999974e-01,1.712019994999999906e+00,2.785689239999999955e-01,6.420339919999999978e-01
2.070000000000000139e-07,2.014244709999999938e-01,2.016650942000000057e+00,4.266443249999999909e-01,4.843900939999999933e-01
3.275462962962962880e-06,1.966423609000000017e+00,4.317910019000000155e+00,2.592056200000000116e-02,4.027367439999999799e-01
5.590277777777777665e-06,2.986709611000000208e+00,3.893365767000000144e+00,7.402419500000000097e-02,4.625347819999999777e-01
4.149305555555555521e-06,2.784383134000000037e+00,2.471840167999999949e+00,5.617461399999999772e-02,4.107103440000000050e-01
1.065393518518518408e-05,4.889449349000000389e+00,2.898426154000000032e+00,7.758312600000000225e-02,4.175624439999999771e-01
3.425925925925926034e-06,1.773340380000000049e+00,4.333643606999999953e+00,2.983957799999999855e-02,3.715951000000000115e-01
6.469907407407407562e-06,4.194945758000000247e+00,3.406844351000000160e+00,3.359118999999999994e-02,3.727978200000000020e-01
6.921296296296295753e-06,4.818210662000000255e+00,3.796023201000000125e+00,4.634805599999999859e-02,4.309705409999999848e-01
1.157407407407407350e-05,7.131274418000000281e+00,1.424809790000000076e+00,1.610321349999999929e-01,4.119769890000000157e-01
5.833333333333333105e-06,2.819204776999999851e+01,1.301125591999999997e+00,1.509547719999999871e-01,3.912258710000000028e-01
2.100694444444444355e-06,2.356500651000000168e+00,3.314490676000000136e+00,2.796676199999999918e-02,3.429667299999999974e-01
5.549768518518518989e-06,2.359558054999999932e+00,5.152912375999999739e+00,5.711382799999999843e-02,4.458254079999999786e-01
1.042245370370370400e-05,3.908521206000000081e+00,3.358234155999999970e+00,2.228745999999999852e-02,3.832988800000000085e-01
5.972222222222222170e-06,2.828578832999999904e+00,3.309004303000000036e+00,1.302439750000000118e-01,4.620842430000000056e-01
7.858796296296296306e-07,2.310140725000000117e+00,2.146342127000000044e+00,8.078696900000000014e-02,3.808642879999999953e-01
3.159722222222222416e-06,2.423438044000000069e+00,3.975201154000000070e+00,4.084163999999999850e-02,4.048504689999999906e-01
6.600000000000000337e-06,4.445043309999999970e+00,1.560253043999999978e+00,1.047522959999999947e-01,4.458617990000000031e-01
3.501157407407407399e-06,2.391474039000000218e+00,4.299414094000000297e+00,4.328570300000000176e-02,3.935212599999999838e-01
3.239999999999999896e-06,1.950233944999999913e+00,1.551860913999999925e+00,3.934642480000000164e-01,4.664599959999999879e-01
3.167438657407407486e-07,3.745031721000000147e+00,1.822737328999999962e+00,2.179121440000000021e-01,3.864207599999999743e-01
1.029745370370370435e-05,7.581379499999999494e-01,1.429842250000000092e+00,4.441610800000000275e-02,3.892811310000000025e-01
6.261574074074073965e-06,2.913893795999999980e+00,5.932527306999999972e+00,2.924229600000000096e-02,4.054227420000000026e-01
2.588734953703704108e-07,1.981536420999999937e+00,1.864487435000000026e+00,6.407434900000000266e-02,3.307457030000000020e-01
3.269675925925926047e-06,2.766870147000000113e+00,2.483737674999999978e+00,9.174036500000000427e-02,4.333805569999999996e-01
7.604166666666666565e-07,2.123302117000000155e+00,1.848873951999999932e+00,5.913163800000000025e-02,3.951577079999999964e-01
1.481481481481481665e-06,2.277444843000000052e+00,2.227042475999999827e+00,4.115381299999999742e-02,3.763798380000000221e-01
2.928240740740740641e-06,2.485452371000000049e+00,4.159027825999999983e+00,3.433371999999999813e-02,3.173684660000000157e-01
1.215277777777777730e-07,3.113915888000000187e+00,2.253024003000000164e+00,3.192678959999999955e-01,3.579422569999999859e-01
8.142361111111110633e-06,3.518392720000000029e+00,4.257806631000000230e+00,3.133110900000000282e-02,3.870366379999999884e-01
6.047453703703703535e-06,2.489223329000000096e+00,4.564882124999999569e+00,3.172503200000000023e-02,3.545837600000000256e-01
5.665509259259259877e-06,3.010026137000000102e+00,3.156932489999999980e+00,9.408973099999999590e-02,4.722234200000000048e-01
1.527777777777777915e-07,3.587729477999999972e+00,1.462610758000000066e+00,2.767531260000000159e-01,3.351508049999999961e-01
2.403549768518518794e-07,1.935898386999999943e+00,1.318035107000000039e+00,0.000000000000000000e+00,4.443484340000000143e-01
5.023148148148147739e-06,2.172112849999999984e+00,5.533203666000000354e+00,3.713023800000000291e-02,3.983436719999999820e-01
1.313657407407407379e-06,2.569867938999999879e+00,2.082798813000000138e+00,8.374994800000000461e-02,4.626128649999999842e-01
5.706018518518518552e-06,7.859193869000000277e+00,1.818414694999999970e+00,4.415856299999999790e-02,4.973139839999999867e-01
5.196759259259259494e-06,2.181756335999999852e+00,4.296471161000000372e+00,5.682740199999999908e-02,4.252279350000000013e-01
1.060957175925925929e-07,3.335118347999999955e+00,1.391565197000000031e+00,2.096877669999999971e-01,3.810912610000000145e-01
2.239583333333333419e-06,2.332199382999999848e+00,2.755402805000000122e+00,6.009257500000000224e-02,4.023435710000000110e-01
2.511574074074073870e-06,1.869673708999999961e+00,5.045629413000000341e+00,2.922500399999999887e-02,3.833526090000000108e-01
1.467592592592592462e-06,2.880561360000000182e+00,2.004886062999999830e+00,6.988897400000000648e-02,3.883330400000000182e-01
2.199074074074073950e-08,1.511714508000000068e+00,1.448017864999999960e+00,1.002387359999999950e-01,3.846469570000000116e-01
1.296296296296296245e-06,1.627937396999999953e+00,2.650624172000000112e+00,4.151989600000000058e-02,3.869734590000000196e-01
2.430555555555555593e-08,1.654397596999999998e+00,1.757217521999999921e+00,1.704552990000000046e-01,3.514177379999999795e-01
5.239197916666666831e-07,2.254159701999999932e+00,1.360275574000000098e+00,0.000000000000000000e+00,3.697568549999999954e-01
8.564814814814814819e-08,1.062149100999999929e+00,7.000000000000000000e+00,2.828880109999999948e-01,3.539789130000000061e-01
3.666666613425926169e-06,1.656895696000000084e+00,1.306615936000000033e+00,2.242472900000000088e-02,3.769446399999999975e-01
4.942129629629629330e-07,2.489839769000000036e+00,1.818817585999999986e+00,9.958200600000000069e-02,3.050752640000000127e-01
3.090277777777777884e-06,1.806419640000000104e+00,4.319396502000000027e+00,3.410332800000000220e-02,3.492718599999999896e-01
4.565972222222222716e-06,3.007196914000000110e+00,2.851807169000000197e+00,7.304203300000000620e-02,4.005098369999999797e-01
3.804012731481481309e-07,1.928746590999999899e+00,2.628468937000000061e+00,8.027034600000000630e-02,3.690721399999999930e-01
9.045138888888888708e-06,6.299107819999999469e-01,1.357926245000000032e+00,0.000000000000000000e+00,6.386510130000000451e-01
2.887731481481481542e-06,2.517261069999999989e+00,4.310780912000000242e+00,3.990569299999999903e-02,3.709184119999999751e-01
1.469907407407407365e-06,3.554477030999999787e+00,1.875969525999999998e+00,6.645362999999999964e-02,4.196332380000000195e-01
1.313657407407407379e-06,2.058329880000000056e+00,3.129360972999999824e+00,4.999074399999999668e-02,3.387876830000000061e-01
1.084105324074074159e-07,1.769081225000000090e+00,1.846307579999999948e+00,1.190032629999999980e-01,3.510568399999999811e-01
7.581018518518518599e-07,4.366806879999999835e-01,1.315953037000000103e+00,0.000000000000000000e+00,4.492555670000000223e-01
8.067129629629629268e-06,5.183629962999999563e+00,1.332254848000000047e+00,0.000000000000000000e+00,7.564575409999999556e-01
8.449074074074073667e-08,6.453786929999999478e-01,1.416131829000000009e+00,0.000000000000000000e+00,4.338588979999999928e-01
2.511574074074073870e-06,2.160615616999999933e+00,3.290514136000000089e+00,1.072600390000000015e-01,3.776209070000000056e-01
2.353391203703703764e-08,6.666103159999999805e-01,3.605227104999999987e+00,1.980891999999999931e-01,3.834002229999999845e-01
7.600312499999999918e-08,1.679653048000000037e+00,1.586772604999999947e+00,2.690768649999999984e-01,4.430439540000000176e-01
1.828703703703703693e-06,3.440720400000000012e+00,2.022868197999999840e+00,4.621413900000000130e-02,4.102273049999999865e-01
1.180555555555555570e-06,3.021450982999999813e+00,1.448348841000000053e+00,2.494523230000000036e-01,5.447348910000000544e-01
7.453703703703704682e-06,2.866691943999999825e+00,5.359955030000000065e+00,3.988709299999999847e-02,4.166499889999999984e-01
4.510000000000000018e-07,6.064458200000000243e-02,2.418188900000000086e+00,2.728337149999999767e-01,5.276593200000000428e-01
3.171296296296296081e-06,3.042506466999999937e+00,2.429849819000000188e+00,5.713137499999999813e-02,4.543064299999999833e-01
7.761111111111110683e-07,8.109872053000000136e+00,1.556204182999999963e+00,1.455208319999999889e-01,6.598692189999999513e-01
7.025462962962962975e-06,3.921404402999999927e+00,1.670275076000000025e+00,5.587475399999999870e-02,4.841681070000000142e-01
1.274305555555555519e-06,2.742222270000000073e+00,2.353319831999999945e+00,8.512070900000000273e-02,3.575584379999999785e-01
3.535879629629629665e-06,3.580630022999999884e+00,2.921004170999999872e+00,5.790924000000000071e-02,3.422834080000000112e-01
5.754629629629629809e-06,7.982198569999999771e-01,2.505862516000000095e+00,3.828982499999999956e-02,3.618601020000000168e-01
2.222222222222222075e-06,1.840976033000000012e+00,2.699879512999999953e+00,4.220423599999999914e-02,3.844187960000000071e-01
1.788194444444444382e-06,2.144706199999999896e+00,4.096535760000000082e+00,5.558456299999999656e-02,3.820472910000000111e-01
1.390431712962962860e-06,3.135328846999999808e+00,1.453071897999999917e+00,9.164781599999999306e-02,4.789089710000000166e-01
1.207561342592592713e-07,3.075959189999999843e+00,1.504630174000000098e+00,1.216255480000000000e-01,3.411170000000000035e-01
1.051697569444444537e-06,2.294758371999999991e+00,1.582215476000000010e+00,3.345762900000000262e-02,4.983420230000000228e-01
3.732638888888888750e-06,2.941787779999999852e+00,2.982291764999999817e+00,9.333430500000000629e-02,4.235859269999999732e-01
2.395833333333333406e-06,3.289197700999999974e+00,2.326659304000000095e+00,4.172289099999999806e-02,4.122469129999999926e-01
2.586805555555555658e-06,1.756221425999999974e+00,5.710170347000000035e+00,4.949359300000000239e-02,3.995001550000000234e-01
4.820601851851851822e-06,3.619619168999999914e+00,2.265034899999999851e+00,7.795403200000000643e-02,4.831939900000000176e-01
1.292052083333333317e-06,4.463970672000000306e+00,1.689566413999999961e+00,5.497163099999999997e-02,3.201757129999999729e-01
5.069444444444444094e-06,3.333960237999999965e+00,1.548376452999999930e+00,3.670431300000000230e-02,4.836265940000000207e-01
2.818694444444444511e-05,2.542304529999999829e+01,1.440581155999999918e+00,6.595879699999999957e-02,6.072848239999999453e-01
4.409722222222222306e-06,2.869552817000000200e+00,3.620539760999999856e+00,5.488450899999999799e-02,4.007189059999999858e-01
4.641203703703704081e-06,4.263644951999999932e+00,2.028535273000000139e+00,5.977309799999999673e-02,4.392855990000000266e-01
2.841435185185185187e-06,1.905360283999999904e+00,2.195673622999999797e+00,3.915216900000000055e-02,3.718884889999999888e-01
2.210000000000000016e-06,2.022391751999999876e+00,1.377679574000000073e+00,1.177785890000000030e-01,3.542672860000000146e-01
2.395833333333333406e-06,1.899952389999999935e+00,3.939302646999999880e+00,6.510773400000000044e-02,4.723212190000000144e-01
1.296296296296296245e-06,1.728008414999999909e+00,2.945101875000000202e+00,4.482814499999999980e-02,3.657573539999999790e-01
3.503086805555555636e-07,1.621276224999999904e+00,1.832252935999999943e+00,5.922114800000000123e-02,4.444410899999999831e-01
1.807484953703703647e-07,2.374418190000000095e+00,2.323116531000000151e+00,1.470178490000000060e-01,2.772821599999999997e-01
6.163194444444444422e-06,4.274608980000000003e+00,2.995923229999999826e+00,5.627209999999999851e-02,4.412565110000000179e-01
2.031250000000000246e-06,3.349723909999999805e+00,2.170744572999999900e+00,4.340356399999999865e-02,4.129971100000000006e-01
7.461420138888888482e-07,1.452211474999999918e+00,3.778444562999999867e+00,7.527541399999999883e-02,4.068491570000000168e-01
3.292824074074073801e-06,1.808325393999999919e+00,5.112662528000000428e+00,3.451407000000000086e-02,4.065155770000000168e-01
3.722994212962962899e-07,4.488400963000000132e+00,1.411673822000000023e+00,2.634677500000000006e-01,4.118826979999999915e-01
1.440972222222222143e-06,1.425351615999999932e+00,3.493242282999999837e+00,7.260418100000000374e-02,3.699433850000000135e-01
4.513888888888889052e-08,9.811628930000000359e-01,1.506683562999999948e+00,2.331994350000000105e-01,3.795873710000000067e-01
7.357253472222222107e-07,3.615233809999999881e+00,1.857883532000000004e+00,3.819094700000000286e-02,2.985248090000000021e-01
2.361111111111111140e-06,3.358833836000000073e+00,2.511200225000000064e+00,5.622133099999999939e-02,3.536980270000000259e-01
1.126157407407407480e-06,2.350218170999999856e+00,2.751938829999999836e+00,9.118816100000000369e-02,4.081374669999999760e-01
2.204861111111111153e-06,2.322404355999999837e+00,3.436737026999999944e+00,6.757569900000000296e-02,3.735639570000000020e-01
4.756944444444445075e-07,1.911491067000000044e+00,2.196212445000000013e+00,3.411082900000000223e-02,3.927089229999999875e-01
1.980324074074074086e-05,3.490948132999999842e+00,1.736115993000000080e+00,2.562918600000000172e-02,3.815294329999999734e-01
2.482638888888888860e-06,2.197850695000000076e+00,4.763168199999999963e+00,4.480738499999999819e-02,3.884800540000000191e-01
2.395833333333333406e-06,2.892601439999999968e+00,1.568575341999999928e+00,6.069923399999999775e-02,5.065098500000000392e-01
7.408333333333333695e-07,2.851456130999999949e+00,1.785179375000000013e+00,1.931419390000000125e-01,4.599032390000000192e-01
3.395057870370370494e-08,2.204876912000000022e+00,1.366787176999999964e+00,5.582618300000000144e-02,4.032168629999999809e-01
8.078703703703703611e-05,4.788563872000000110e+00,2.810883288999999952e+00,3.295238699999999965e-02,3.421196490000000257e-01
5.706018518518518552e-06,3.660017541000000207e+00,3.569706365000000048e+00,7.148604999999999543e-02,3.686878760000000255e-01
3.576388888888888764e-06,2.350424513000000104e+00,3.290665939999999789e+00,7.083578199999999991e-02,4.010513410000000056e-01
9.699999999999999421e-04,7.703074488999999581e+00,1.377465187000000091e+00,1.440232539999999894e-01,5.622621909999999668e-01
6.770833333333333023e-06,3.209487885999999790e+00,2.792754632999999931e+00,8.479766800000000659e-02,5.244836640000000161e-01
2.816357638888889301e-07,2.039013444000000064e+00,2.039392224000000198e+00,1.794031980000000137e-01,3.818600910000000126e-01
6.660000000000000080e-08,6.135464899999999722e-02,3.206313521999999860e+00,1.228950919999999974e-01,6.745532159999999555e-01
7.831793981481482222e-08,5.219909139999999725e-01,2.553058968999999845e+00,3.035383709999999735e-01,4.051241979999999909e-01
2.853009259259259276e-06,2.781671950999999865e+00,2.750570707000000059e+00,4.404852499999999810e-02,2.707783260000000136e-01
2.887731481481481542e-06,4.058183481000000370e+00,2.066031853000000140e+00,4.348030800000000223e-02,3.739690480000000261e-01
5.416666666666666418e-05,2.091838494000000104e+00,1.358652909999999991e+00,0.000000000000000000e+00,8.889914020000000416e-01
9.351851851851852272e-07,2.192987174000000206e+00,2.427633417000000016e+00,8.752316999999999736e-02,4.217025839999999914e-01
2.074333333333333181e-05,1.365872603000000041e+01,1.422201448000000035e+00,8.831561899999999798e-02,6.596917970000000242e-01
2.210648148148148409e-06,1.850123198999999996e+00,2.884881588999999913e+00,5.224260099999999962e-02,4.004871500000000140e-01
3.541666666666666921e-06,3.124572023999999892e+00,3.274932552000000108e+00,6.325249300000000685e-02,3.384840330000000175e-01
1.078125000000000117e-05,3.008504617999999908e+00,1.998952671999999930e+00,2.732906599999999908e-02,3.932508809999999966e-01
2.609953703703703836e-06,2.552825946000000013e+00,3.361397283000000069e+00,4.576889900000000178e-02,3.541832140000000240e-01
2.511574074074073870e-07,1.513452132000000061e+00,1.790651125999999982e+00,8.133061399999999552e-02,3.956238280000000107e-01
1.671681712962962920e-06,2.876612551000000018e+00,3.135092965000000120e+00,4.330123599999999989e-02,3.265570930000000205e-01
9.745370370370370019e-06,1.585033150000000057e-01,1.528898555000000048e+00,6.613130400000000186e-02,3.796794199999999897e-01
6.693672453703703208e-07,1.809549172000000095e+00,2.106761429000000074e+00,5.962016600000000222e-02,3.433024800000000210e-01
7.060185185185185135e-08,2.255038273999999898e+00,1.443542893000000049e+00,9.885699100000000517e-02,3.452195490000000144e-01
3.356481481481481501e-08,1.974294809999999956e+00,1.682376201999999932e+00,1.184374039999999961e-01,3.014158160000000031e-01
1.776620370370370293e-06,2.382299468999999892e+00,2.923032188000000087e+00,3.679312099999999808e-02,3.214283909999999800e-01
9.837962962962962199e-08,2.423285703999999985e+00,1.653628450000000027e+00,1.837961250000000046e-01,3.439160030000000257e-01
5.364583333333333569e-06,1.974991909000000101e+00,5.211721084999999754e+00,6.381583700000000026e-02,4.509649889999999828e-01
6.689814814814814825e-06,2.936202965000000109e+00,3.894203368999999970e+00,2.895039599999999977e-02,3.603599610000000064e-01
3.802083333333333706e-06,2.328723018999999894e+00,3.909716643999999963e+00,3.523006199999999949e-02,3.844584999999999808e-01
1.250000000000000208e-07,1.237143112000000045e+00,2.330426929000000147e+00,7.599614600000000053e-02,2.693746419999999975e-01
7.407407407407407480e-06,3.771695560000000169e-01,1.575417703000000058e+00,9.530757600000000496e-02,3.922080940000000071e-01
2.459490740740740682e-06,1.770156732000000011e+00,3.854164781999999789e+00,4.782452400000000020e-02,4.091577000000000131e-01
3.888888888888888948e-07,1.824089550999999920e+00,1.910735002000000016e+00,5.606070199999999698e-02,4.757570429999999906e-01
1.115740740740740842e-06,1.838783209999999890e+00,1.954181861999999992e+00,4.713387299999999974e-02,3.727610869999999910e-01
9.357638888888887834e-06,3.992405680000000068e+00,3.691321912999999899e+00,1.657404900000000042e-02,3.450350710000000265e-01
7.795138888888888818e-06,4.167669614000000244e+00,3.030709035000000107e+00,8.805047700000000199e-02,4.237297070000000110e-01
3.210277777777777582e-06,1.149038385999999967e+01,1.384466428999999943e+00,1.736020050000000037e-01,4.137313269999999821e-01
6.695601851851851657e-06,3.401658963000000035e+00,4.352732773999999694e+00,2.935423100000000146e-02,3.501290910000000034e-01
2.332175925925925706e-06,1.798444190000000109e+00,4.801012262999999614e+00,3.531428699999999976e-02,4.141728270000000212e-01
2.314814814814814785e-06,3.976116927000000079e+00,2.195460938000000084e+00,5.039278600000000191e-02,3.726731280000000202e-01
1.799768518518518682e-06,3.226874390999999953e+00,2.570484677000000051e+00,5.418890800000000091e-02,3.468280510000000261e-01
4.525462962962963194e-06,3.181367784999999948e+00,2.284320026000000059e+00,8.552681600000000550e-02,4.698560969999999726e-01
1.032407407407407319e-06,1.870207576000000094e+00,7.000000000000000000e+00,1.805717930000000082e-01,3.250360700000000103e-01
2.471064814814814771e-06,2.284965065000000184e+00,3.056770053000000154e+00,3.205042200000000202e-02,3.863994239999999913e-01
9.305555555555554223e-07,1.329655679000000035e+00,2.344298592999999986e+00,3.429458900000000032e-02,4.154752349999999983e-01
5.439814814814814299e-08,3.925781473999999882e+00,1.562375924999999999e+00,1.689177719999999938e-01,3.470811630000000259e-01
8.939042824074073884e-07,2.011110588000000199e+00,2.978322754000000128e+00,2.117115899999999842e-02,3.208596049999999922e-01
2.436342592592592505e-06,1.856532727000000049e+00,3.745418561999999785e+00,2.707404399999999850e-02,3.367963990000000241e-01
5.376157407407408082e-06,2.451033666999999916e+00,3.434912955999999795e+00,6.353778999999999677e-02,5.315624890000000269e-01
1.371527777777777822e-06,1.318058074999999940e+00,1.358642346999999972e+00,0.000000000000000000e+00,3.892640239999999863e-01
9.282407407407407316e-07,2.819685278000000128e+00,2.309038259999999898e+00,3.849566699999999730e-02,3.511635619999999847e-01
2.245370370370370252e-06,2.641996193000000215e+00,1.747733076999999913e+00,5.174672400000000089e-02,4.932623640000000087e-01
2.270833333333333332e-06,4.186772619999999945e-01,1.613575768000000021e+00,0.000000000000000000e+00,8.646872110000000111e-01
2.638888888888888846e-06,3.065421782000000039e+00,2.542066530000000046e+00,2.526805299999999865e-02,3.099602510000000199e-01
1.394675925925926000e-06,2.291125152999999859e+00,2.783870546999999807e+00,5.974215399999999870e-02,4.077517509999999956e-01
8.645833333333332858e-06,2.077769470999999868e+00,1.436827797000000073e+00,2.643384099999999959e-02,4.922409790000000229e-01
4.108796296296295999e-06,2.367708001000000007e+00,4.648494677999999602e+00,5.988239699999999693e-02,4.251080979999999898e-01
1.423611111111111171e-04,5.464155380000000228e+00,1.936597276999999950e+00,2.513958370000000109e-01,5.406299909999999764e-01
6.770833333333333023e-06,2.589714110000000069e+00,4.945167660000000076e+00,3.616520799999999730e-02,4.455845440000000268e-01
3.541666666666666921e-06,1.966089329999999968e+00,2.834172660000000121e+00,7.413563800000000370e-02,4.445156200000000002e-01
1.131481481481481459e-05,2.368113244999999978e+00,1.917234413999999942e+00,6.504849999999999521e-02,4.321179090000000222e-01
